q
0 0 585 765 re
W n
q
/GS0 gs
/Fm0 Do
Q
Q
/CS0 cs 1 1 1  scn
/GS0 gs
37.08 10.26 514.08 16.74 re
f
BT
0 0 0  scn
/GS1 gs
/T1_0 1 Tf
8 0 0 8 37.08 21.048 Tm
(\203\203)Tj
0.04 Tc -0.04 Tw /Span<</ActualText<FEFF0009>>> BDC 
(\026)Tj
EMC 
4.375 0 Td
(\032\035)Tj
/Span<</ActualText<FEFF0074>>> BDC 
1.139 0 Td
(\003)Tj
EMC 
(\242)Tj
/Span<</ActualText<FEFF00720064>>> BDC 
(\216\224)Tj
EMC 
(\035)Tj
/Span<</ActualText<FEFF0079>>> BDC 
3.279 0 Td
(\232)Tj
EMC 
(\026)Tj
/Span<</ActualText<FEFF0066>>> BDC 
(\001)Tj
EMC 
(\033)Tj
/Span<</ActualText<FEFF00620072>>> BDC 
(\250\216)Tj
EMC 
(\242\035)Tj
/Span<</ActualText<FEFF00720079>>> BDC 
(\216\232)Tj
EMC 
(\026\212)Tj
/Span<</ActualText<FEFF0009004F004C0041>>> BDC 
(\026)Tj
19.763 0 Td
(\031\030\035)Tj
EMC 
(\026)Tj
/Span<</ActualText<FEFF0053>>> BDC 
(\032)Tj
EMC 
(\242)Tj
/Span<</ActualText<FEFF0070>>> BDC 
(\235)Tj
EMC 
(\033)Tj
/Span<</ActualText<FEFF0072>>> BDC 
(\216)Tj
EMC 
(\026)Tj
/Span<</ActualText<FEFF0043>>> BDC 
(\034)Tj
EMC 
(\031)Tj
/Span<</ActualText<FEFF006E0066>>> BDC 
(\221\001)Tj
EMC 
(\033)Tj
/Span<</ActualText<FEFF0072>>> BDC 
(\216)Tj
EMC 
(\033)Tj
/Span<</ActualText<FEFF006E>>> BDC 
(\221)Tj
EMC 
(\034\033\026\215\217\220\215)Tj
ET
q
0 0 585 765 re
W n
/CS0 CS 1 1 1  SCN
3 w 4 M 
/GS0 gs
q 1 0 0 1 525.9023 36.1518 cm
0 0 m
8.582 84.338 0 84.383 v
-8.582 84.428 -18.508 92.26 -18.225 100 c
-17.942 107.74 -7.258 114.958 0 113.149 c
7.258 111.34 -9.435 204.411 0 204.501 c
15.898 204.654 16.016 215.878 15.538 221.86 c
14.818 237.34 -6.062 224.02 0 241.128 c
2.703 248.755 -2.695 328.06 -0.959 333.1 c
0.778 338.14 -18.683 327.7 -19.033 343.18 c
-19.382 358.66 -9.662 356.86 0 354.501 c
5.818 358.3 6.062 450.294 0 448.577 c
-6.062 446.86 -18.302 445.78 -15.345 461.26 c
-12.722 477.82 -5.278 467.183 0 472.501 c
5.278 477.82 -6.178 547.506 0 555.503 c
6.178 563.5 13.378 554.5 14.098 569.62 c
13.738 585.82 6.062 574.862 0 582.141 c
-6.062 589.42 0 638.16 y
S
Q
q 1 0 0 1 424.4023 674.3451 cm
0 0 m
8.582 -84.338 0 -84.383 v
-8.582 -84.428 -18.508 -92.26 -18.225 -100 c
-17.942 -107.74 -7.258 -114.958 0 -113.149 c
7.258 -111.34 -9.435 -204.411 0 -204.501 c
15.898 -204.654 16.016 -215.878 15.538 -221.86 c
14.818 -237.34 -6.062 -224.02 0 -241.128 c
2.703 -248.755 -2.695 -328.06 -0.959 -333.1 c
0.778 -338.14 -18.683 -327.7 -19.033 -343.18 c
-19.382 -358.66 -9.662 -356.86 0 -354.501 c
5.818 -358.3 6.062 -450.294 0 -448.577 c
-6.062 -446.86 -18.302 -445.78 -15.345 -461.26 c
-12.722 -477.82 -5.278 -467.183 0 -472.501 c
5.278 -477.82 -6.178 -547.506 0 -555.503 c
6.178 -563.5 13.378 -554.5 14.098 -569.62 c
13.738 -585.82 6.062 -574.862 0 -582.141 c
-6.062 -589.42 0 -638.16 y
S
Q
q 1 0 0 1 333.5223 674.3451 cm
0 0 m
-8.582 -84.338 0 -84.383 v
8.582 -84.428 18.508 -92.26 18.225 -100 c
17.942 -107.74 7.258 -114.958 0 -113.149 c
-7.258 -111.34 9.435 -204.411 0 -204.501 c
-15.898 -204.654 -16.016 -215.878 -15.538 -221.86 c
-14.818 -237.34 6.062 -224.02 0 -241.128 c
-2.703 -248.755 2.695 -328.06 0.959 -333.1 c
-0.778 -338.14 18.683 -327.7 19.033 -343.18 c
19.382 -358.66 9.662 -356.86 0 -354.501 c
-5.818 -358.3 -6.062 -450.294 0 -448.577 c
6.062 -446.86 18.302 -445.78 15.345 -461.26 c
12.722 -477.82 5.278 -467.183 0 -472.501 c
-5.278 -477.82 6.178 -547.506 0 -555.503 c
-6.178 -563.5 -13.378 -554.5 -14.098 -569.62 c
-13.738 -585.82 -6.062 -574.862 0 -582.141 c
6.062 -589.42 0 -638.16 y
S
Q
q 1 0 0 1 227.0223 36.1518 cm
0 0 m
-8.582 84.338 0 84.383 v
8.582 84.428 18.508 92.26 18.225 100 c
17.942 107.74 7.258 114.958 0 113.149 c
-7.258 111.34 9.435 204.411 0 204.501 c
-15.898 204.654 -16.016 215.878 -15.538 221.86 c
-14.818 237.34 6.062 224.02 0 241.128 c
-2.703 248.755 2.695 328.06 0.959 333.1 c
-0.778 338.14 18.683 327.7 19.033 343.18 c
19.382 358.66 9.662 356.86 0 354.501 c
-5.818 358.3 -6.062 450.294 0 448.577 c
6.062 446.86 18.302 445.78 15.345 461.26 c
12.722 477.82 5.278 467.183 0 472.501 c
-5.278 477.82 6.178 547.506 0 555.503 c
-6.178 563.5 -13.378 554.5 -14.098 569.62 c
-13.738 585.82 -6.062 574.862 0 582.141 c
6.062 589.42 0 638.16 y
S
Q
q 1 0 0 1 147.9023 36.1518 cm
0 0 m
8.582 84.338 0 84.383 v
-8.582 84.428 -18.508 92.26 -18.225 100 c
-17.942 107.74 -7.258 114.958 0 113.149 c
7.258 111.34 -9.435 204.411 0 204.501 c
15.898 204.654 16.016 215.878 15.538 221.86 c
14.818 237.34 -6.062 224.02 0 241.128 c
2.703 248.755 -2.695 328.06 -0.959 333.1 c
0.778 338.14 -18.683 327.7 -19.033 343.18 c
-19.382 358.66 -9.662 356.86 0 354.501 c
5.818 358.3 6.062 450.294 0 448.577 c
-6.062 446.86 -18.302 445.78 -15.345 461.26 c
-12.722 477.82 -5.278 467.183 0 472.501 c
5.278 477.82 -6.178 547.506 0 555.503 c
6.178 563.5 13.378 554.5 14.098 569.62 c
13.738 585.82 6.062 574.862 0 582.141 c
-6.062 589.42 0 638.16 y
S
Q
q 1 0 0 1 64.0223 36.1518 cm
0 0 m
-8.582 84.338 0 84.383 v
8.582 84.428 18.508 92.26 18.225 100 c
17.942 107.74 7.258 114.958 0 113.149 c
-7.258 111.34 9.435 204.411 0 204.501 c
-15.898 204.654 -16.016 215.878 -15.538 221.86 c
-14.818 237.34 6.062 224.02 0 241.128 c
-2.703 248.755 2.695 328.06 0.959 333.1 c
-0.778 338.14 18.683 327.7 19.033 343.18 c
19.382 358.66 9.662 356.86 0 354.501 c
-5.818 358.3 -6.062 450.294 0 448.577 c
6.062 446.86 18.302 445.78 15.345 461.26 c
12.722 477.82 5.278 467.183 0 472.501 c
-5.278 477.82 6.178 547.506 0 555.503 c
-6.178 563.5 -13.378 554.5 -14.098 569.62 c
-13.738 585.82 -6.062 574.862 0 582.141 c
6.062 589.42 0 638.16 y
S
Q
q 1 0 0 1 -53.3451 546.5032 cm
0 0 m
84.338 8.582 84.383 0 v
84.428 -8.582 92.26 -18.508 100 -18.225 c
107.74 -17.942 114.958 -7.258 113.149 0 c
111.34 7.258 204.411 -9.435 204.501 0 c
204.654 15.898 215.878 16.016 221.86 15.538 c
237.34 14.818 224.02 -6.062 241.128 0 c
248.755 2.703 328.06 -2.695 333.1 -0.959 c
338.14 0.778 327.7 -18.683 343.18 -19.033 c
358.66 -19.382 356.86 -9.662 354.501 0 c
358.3 5.818 450.294 6.062 448.577 0 c
446.86 -6.062 445.78 -18.302 461.26 -15.345 c
477.82 -12.722 467.183 -5.278 472.501 0 c
477.82 5.278 547.506 -6.178 555.503 0 c
563.5 6.178 554.5 13.378 569.62 14.098 c
585.82 13.738 574.862 6.062 582.141 0 c
589.42 -6.062 638.16 0 y
S
Q
q 1 0 0 1 584.8481 438.5032 cm
0 0 m
-84.338 8.582 -84.383 0 v
-84.428 -8.582 -92.26 -18.508 -100 -18.225 c
-107.74 -17.942 -114.958 -7.258 -113.149 0 c
-111.34 7.258 -204.411 -9.435 -204.501 0 c
-204.654 15.898 -215.878 16.016 -221.86 15.538 c
-237.34 14.818 -224.02 -6.062 -241.128 0 c
-248.755 2.703 -328.06 -2.695 -333.1 -0.959 c
-338.14 0.778 -327.7 -18.683 -343.18 -19.033 c
-358.66 -19.382 -356.86 -9.662 -354.501 0 c
-358.3 5.818 -450.294 6.062 -448.577 0 c
-446.86 -6.062 -445.78 -18.302 -461.26 -15.345 c
-477.82 -12.722 -467.183 -5.278 -472.501 0 c
-477.82 5.278 -547.506 -6.178 -555.503 0 c
-563.5 6.178 -554.5 13.378 -569.62 14.098 c
-585.82 13.738 -574.862 6.062 -582.141 0 c
-589.42 -6.062 -638.16 0 y
S
Q
q 1 0 0 1 584.8481 313.1232 cm
0 0 m
-84.338 -8.582 -84.383 0 v
-84.428 8.582 -92.26 18.508 -100 18.225 c
-107.74 17.942 -114.958 7.258 -113.149 0 c
-111.34 -7.258 -204.411 9.435 -204.501 0 c
-204.654 -15.898 -215.878 -16.016 -221.86 -15.538 c
-237.34 -14.818 -224.02 6.062 -241.128 0 c
-248.755 -2.703 -328.06 2.695 -333.1 0.959 c
-338.14 -0.778 -327.7 18.683 -343.18 19.033 c
-358.66 19.382 -356.86 9.662 -354.501 0 c
-358.3 -5.818 -450.294 -6.062 -448.577 0 c
-446.86 6.062 -445.78 18.302 -461.26 15.345 c
-477.82 12.722 -467.183 5.278 -472.501 0 c
-477.82 -5.278 -547.506 6.178 -555.503 0 c
-563.5 -6.178 -554.5 -13.378 -569.62 -14.098 c
-585.82 -13.738 -574.862 -6.062 -582.141 0 c
-589.42 6.062 -638.16 0 y
S
Q
q 1 0 0 1 584.8481 195.7914 cm
0 0 m
-84.338 8.582 -84.383 0 v
-84.428 -8.582 -92.26 -18.508 -100 -18.225 c
-107.74 -17.942 -114.958 -7.258 -113.149 0 c
-111.34 7.258 -204.411 -9.435 -204.501 0 c
-204.654 15.898 -215.878 16.016 -221.86 15.538 c
-237.34 14.818 -224.02 -6.062 -241.128 0 c
-248.755 2.703 -328.06 -2.695 -333.1 -0.959 c
-338.14 0.778 -327.7 -18.683 -343.18 -19.033 c
-358.66 -19.382 -356.86 -9.662 -354.501 0 c
-358.3 5.818 -450.294 6.062 -448.577 0 c
-446.86 -6.062 -445.78 -18.302 -461.26 -15.345 c
-477.82 -12.722 -467.183 -5.278 -472.501 0 c
-477.82 5.278 -547.506 -6.178 -555.503 0 c
-563.5 6.178 -554.5 13.378 -569.62 14.098 c
-585.82 13.738 -574.862 6.062 -582.141 0 c
-589.42 -6.062 -638.16 0 y
S
Q
q 1 0 0 1 -53.3451 84.4527 cm
0 0 m
84.338 8.582 84.383 0 v
84.428 -8.582 92.26 -18.508 100 -18.225 c
107.74 -17.942 114.958 -7.258 113.149 0 c
111.34 7.258 204.411 -9.435 204.501 0 c
204.654 15.898 215.878 16.016 221.86 15.538 c
237.34 14.818 224.02 -6.062 241.128 0 c
248.755 2.703 328.06 -2.695 333.1 -0.959 c
338.14 0.778 327.7 -18.683 343.18 -19.033 c
358.66 -19.382 356.86 -9.662 354.501 0 c
358.3 5.818 450.294 6.062 448.577 0 c
446.86 -6.062 445.78 -18.302 461.26 -15.345 c
477.82 -12.722 467.183 -5.278 472.501 0 c
477.82 5.278 547.506 -6.178 555.503 0 c
563.5 6.178 554.5 13.378 569.62 14.098 c
585.82 13.738 574.862 6.062 582.141 0 c
589.42 -6.062 638.16 0 y
S
Q
q 1 0 0 1 1219.0251 545.3514 cm
0 0 m
-84.338 8.582 -84.383 0 v
-84.428 -8.582 -92.26 -18.508 -100 -18.225 c
-107.74 -17.942 -114.958 -7.258 -113.149 0 c
-111.34 7.258 -204.411 -9.435 -204.501 0 c
-204.654 15.898 -215.878 16.016 -221.86 15.538 c
-237.34 14.818 -224.02 -6.062 -241.128 0 c
-248.755 2.703 -328.06 -2.695 -333.1 -0.959 c
-338.14 0.778 -327.7 -18.683 -343.18 -19.033 c
-358.66 -19.382 -356.86 -9.662 -354.501 0 c
-358.3 5.818 -450.294 6.062 -448.577 0 c
-446.86 -6.062 -445.78 -18.302 -461.26 -15.345 c
-477.82 -12.722 -467.183 -5.278 -472.501 0 c
-477.82 5.278 -547.506 -6.178 -555.503 0 c
-563.5 6.178 -554.5 13.378 -569.62 14.098 c
-585.82 13.738 -574.862 6.062 -582.141 0 c
-589.42 -6.062 -638.16 0 y
S
Q
q 1 0 0 1 580.8318 437.3514 cm
0 0 m
84.338 8.582 84.383 0 v
84.428 -8.582 92.26 -18.508 100 -18.225 c
107.74 -17.942 114.958 -7.258 113.149 0 c
111.34 7.258 204.411 -9.435 204.501 0 c
204.654 15.898 215.878 16.016 221.86 15.538 c
237.34 14.818 224.02 -6.062 241.128 0 c
248.755 2.703 328.06 -2.695 333.1 -0.959 c
338.14 0.778 327.7 -18.683 343.18 -19.033 c
358.66 -19.382 356.86 -9.662 354.501 0 c
358.3 5.818 450.294 6.062 448.577 0 c
446.86 -6.062 445.78 -18.302 461.26 -15.345 c
477.82 -12.722 467.183 -5.278 472.501 0 c
477.82 5.278 547.506 -6.178 555.503 0 c
563.5 6.178 554.5 13.378 569.62 14.098 c
585.82 13.738 574.862 6.062 582.141 0 c
589.42 -6.062 638.16 0 y
S
Q
q 1 0 0 1 580.8318 311.9714 cm
0 0 m
84.338 -8.582 84.383 0 v
84.428 8.582 92.26 18.508 100 18.225 c
107.74 17.942 114.958 7.258 113.149 0 c
111.34 -7.258 204.411 9.435 204.501 0 c
204.654 -15.898 215.878 -16.016 221.86 -15.538 c
237.34 -14.818 224.02 6.062 241.128 0 c
248.755 -2.703 328.06 2.695 333.1 0.959 c
338.14 -0.778 327.7 18.683 343.18 19.033 c
358.66 19.382 356.86 9.662 354.501 0 c
358.3 -5.818 450.294 -6.062 448.577 0 c
446.86 6.062 445.78 18.302 461.26 15.345 c
477.82 12.722 467.183 5.278 472.501 0 c
477.82 -5.278 547.506 6.178 555.503 0 c
563.5 -6.178 554.5 -13.378 569.62 -14.098 c
585.82 -13.738 574.862 -6.062 582.141 0 c
589.42 6.062 638.16 0 y
S
Q
q 1 0 0 1 580.8318 194.6396 cm
0 0 m
84.338 8.582 84.383 0 v
84.428 -8.582 92.26 -18.508 100 -18.225 c
107.74 -17.942 114.958 -7.258 113.149 0 c
111.34 7.258 204.411 -9.435 204.501 0 c
204.654 15.898 215.878 16.016 221.86 15.538 c
237.34 14.818 224.02 -6.062 241.128 0 c
248.755 2.703 328.06 -2.695 333.1 -0.959 c
338.14 0.778 327.7 -18.683 343.18 -19.033 c
358.66 -19.382 356.86 -9.662 354.501 0 c
358.3 5.818 450.294 6.062 448.577 0 c
446.86 -6.062 445.78 -18.302 461.26 -15.345 c
477.82 -12.722 467.183 -5.278 472.501 0 c
477.82 5.278 547.506 -6.178 555.503 0 c
563.5 6.178 554.5 13.378 569.62 14.098 c
585.82 13.738 574.862 6.062 582.141 0 c
589.42 -6.062 638.16 0 y
S
Q
q 1 0 0 1 1219.0251 83.3009 cm
0 0 m
-84.338 8.582 -84.383 0 v
-84.428 -8.582 -92.26 -18.508 -100 -18.225 c
-107.74 -17.942 -114.958 -7.258 -113.149 0 c
-111.34 7.258 -204.411 -9.435 -204.501 0 c
-204.654 15.898 -215.878 16.016 -221.86 15.538 c
-237.34 14.818 -224.02 -6.062 -241.128 0 c
-248.755 2.703 -328.06 -2.695 -333.1 -0.959 c
-338.14 0.778 -327.7 -18.683 -343.18 -19.033 c
-358.66 -19.382 -356.86 -9.662 -354.501 0 c
-358.3 5.818 -450.294 6.062 -448.577 0 c
-446.86 -6.062 -445.78 -18.302 -461.26 -15.345 c
-477.82 -12.722 -467.183 -5.278 -472.501 0 c
-477.82 5.278 -547.506 -6.178 -555.503 0 c
-563.5 6.178 -554.5 13.378 -569.62 14.098 c
-585.82 13.738 -574.862 6.062 -582.141 0 c
-589.42 -6.062 -638.16 0 y
S
Q
0.69 0.764 0.897  scn
q 1 0 0 1 519.6028 41.2612 cm
0 0 m
-14.945 10.243 29.89 75.883 0 67.581 c
-29.89 59.279 -50.27 58.568 -51.629 84.152 c
-52.987 109.736 -29.89 106.894 0 101.422 c
20.38 86.284 -21.738 268.272 0 257.939 c
21.738 247.606 58.422 238.367 63.857 273.19 c
69.291 308.013 33.966 299.512 0 289.549 c
-33.966 279.586 29.89 483.638 0 477.908 c
-29.89 472.177 -44.836 462.938 -43.477 492.076 c
-42.118 521.213 -6.793 492.995 0 504.261 c
6.793 515.528 0 610.454 y
-163.038 633.499 -190.624 610.454 v
-177.983 576.646 -211.95 572.382 -247.275 574.513 c
-282.6 576.646 -301.621 591.57 -283.024 610.454 c
-324.718 625.682 -457.941 619.39 -470.811 610.454 c
-483.68 601.519 -489.19 10.367 -470.811 0 c
-452.431 -10.367 14.945 -10.243 0 0 c
f
Q
0 0 0  SCN
1 w 
/GS1 gs
q 1 0 0 1 519.9728 41.2295 cm
0 0 m
-14.972 10.244 29.943 75.891 0 67.588 c
-29.943 59.285 -50.359 58.574 -51.72 84.161 c
-53.081 109.748 -29.943 106.905 0 101.433 c
20.416 86.293 -21.777 268.3 0 257.966 c
21.777 247.632 58.525 238.392 63.97 273.219 c
69.414 308.045 34.026 299.543 0 289.579 c
-34.026 279.615 29.943 483.688 0 477.958 c
-29.943 472.226 -44.915 462.987 -43.554 492.127 c
-42.193 521.268 -6.805 493.046 0 504.314 c
6.805 515.582 0 610.518 y
-163.327 633.565 -190.961 610.518 v
-178.298 576.706 -212.325 572.441 -247.712 574.573 c
-283.1 576.706 -302.154 591.631 -283.525 610.518 c
-325.292 625.747 -458.752 619.454 -471.644 610.518 c
-484.536 601.582 -490.056 10.368 -471.644 0 c
-453.232 -10.368 14.972 -10.244 0 0 c
h
S
Q
Q
BT
/T1_1 1 Tf
0 Tc 0 Tw 9 0 0 9 72.9 380.8044 Tm
[(\230\024\023\027\030\200\006\200\233\023\030\215\031\024\b\034\031\030\201\\027\b\024\r\036\022\024\r\021\024\025\024\r\021\024\023\030\255)100(\024\032\033\034\026\027\030\207\030\200\r\b\b\031\032\027\030\202)21(\017\031\032\027\023\030\035\032\f\030\235\024\025\030\200\r\021\027\r\b\\031)]TJ
/T1_0 1 Tf
10 0 0 10 72.9 365.2044 Tm
[(\225)9(\255\026\020)-3(\r)-4(\017)-6(\t)2(\017\026\223)-1(\023)4(\016\026\017)-4(\205)6(\017)-6(\t\026\023\026\202)-1(\021)-6(\004\026\223)-9(\r)-3(\013\026\223)-1(\023)4(\016\026\005)-10(\013\t)-8(\n\026\020)7(\013\026\020)-11(\023)4(\022)5()-9(\201\026\002\020)-32(\244)38(\016\026\214)-1(\017)-11(\013\t)1(\202)1(\017\026)]TJ
/Span<</ActualText<FEFF0053>>> BDC 
(\032)Tj
EMC 
23.888 0 Td
[(\020)1(\t)6(\013)-2(\021)6(\006)3(\005)-10(\013)-2(\021)4(\022)-2(\013\f)-10(\013)-2(\021)4(\022)-2(\013)6(\016)-1(\036\026)]TJ
/Span<</ActualText<FEFF0057>>> BDC 
(\037)Tj
EMC 
9.156 0 Td
[(\002\020)-3(\r\026)]TJ
-33.043 -1.2 Td
[(\006)-3(\013\t)2(\017\026\020)-3(\r)2(\023)7(\n\026\220)17(\203\026\004)3(\017)-3(\023)7(\t)-7(\016\026\002)9(\n\026\020)-3(\r)-4(\017\026\005)-4(\021)7(\016)12(\002)9(\n)-4(\017)-3(\016)16(\016)-4(\201\026\214)-1(\017)-11(\013\t)1(\202)1(\017\026\002)11(\016\026\013\n)-4(\017\026\013)4(\255\026\020)-3(\r)-4(\017\026\006)-3(\013)6(\016)-9(\020\026\023)1(\240)6(\006)6(\002)9(\t)2(\017)-13(\240\026\023)7(\n)-4(\240\026\005)-12(\017)-8(\022)-2(\013)6(\205)6(\017)-13(\240\026)]TJ
0 -1.2 TD
[(\226)2(\013)-2(\021)6(\t)-8(\n)3(\023)4(\022)7(\002)11(\016)-9(\020)-12(\016\026\002)9(\n\026)]TJ
/Span<</ActualText<FEFF0043>>> BDC 
(\034)Tj
EMC 
6.257 0 Td
[(\023)7(\n)3(\023)1(\240)1(\023)-6(\036\026)]TJ
/Span<</ActualText<FEFF0053>>> BDC 
(\032)Tj
EMC 
3.533 0 Td
[(\020)-11(\023)7(\t)-42(\020)1(\002)9(\n)2(\202\026\013)-2(\021)-3(\020\026\013\n\026\223)-9(\r)2(\023)2(\020\026\223)-1(\023)4(\016\026\020)-3(\r)-4(\017)-6(\n\026)]TJ
/Span<</ActualText<FEFF0043>>> BDC 
(\034)Tj
EMC 
12.784 0 Td
(\250)Tj
/Span<</ActualText<FEFF0043>>> BDC 
(\034)Tj
EMC 
[(\026\221)-1(\017)-9(\223)-6(\016)-10(\223)-2(\013\t)-10(\022)-4(\240)-1(\201\026\013)6(\205)6(\017)-6(\t\026\016)12(\002)-3(\211\026\016)4(\017)-3(\023)4(\016)5(\013\n)7(\016\026)]TJ
-22.574 -1.2 Td
[(\r)-4(\017\026\254)1(\021)6(\002)2(\007)-4()-6(\022)-5(\004\026\202)1(\t)2(\017)-9(\223\026)]TJ
/T1_1 1 Tf
[(\255)-14(\026)-10(\031\030\230\024)-7(\r)-2(\b)]TJ
/T1_0 1 Tf
[(\026\255)-8(\t)6(\013\006\026\023\026\273)-8(\017)-13(\240\202)1(\002)9(\n)2(\202\026\007)1(\021)6(\t)-8(\t)2(\017)-6(\n)-1(\020\026\017)-4(\205)6(\017)-6(\n)-1(\020)-12(\016\026\f)-2(\t)6(\013\202)1(\t)-4(\023)7(\006\026\020)7(\013\026\023\026\007)-2(\t)-7(\002\020)1(\002)2(\007)-11(\023)4(\022\026\023)7(\n)-4(\240\026)]TJ
T*
[(\f)-10(\013\f)-4(\021)4(\022)3(\023)7(\t\026\016)10(\021)-4(\007)5(\007)4(\017)-3(\016)16(\016\026\255)-8(\t)6(\013\006\026\007)8(\013)2(\023)4(\016)-9(\020\026\020)7(\013\026\007)8(\013)2(\023)4(\016)-9(\020\026\013\n\026\020)-3(\r)-4(\017\026\006)2(\023)7(\002)9(\n\026)]TJ
/Span<</ActualText<FEFF0043>>> BDC 
(\034)Tj
EMC 
21.013 0 Td
(\250)Tj
/Span<</ActualText<FEFF0043>>> BDC 
(\034)Tj
EMC 
[(\026\n)-4(\017)-13(\020)-34(\223)-2(\013\t)-9()-12(\036\026)]TJ
/Span<</ActualText<FEFF0041>>> BDC 
(\035)Tj
EMC 
5.952 0 Td
[(\016\026\020)-3(\r)-4(\017\026\f)-2(\t)6(\013\202)1(\t)-4(\023)7(\006\026\202)1(\t)2(\017)-9(\223)23(\201\026)]TJ
-26.965 -1.2 Td
[(\016)5(\013\026\240)5(\002\240\026\214)-1(\017)-11(\013\t)1(\202)1(\017)-3(\244)38(\016\026\t)2(\017)-6(\f)-4(\021)-3(\020)-11(\023)2(\020)1(\002)2(\013\n\026\023)4(\016\026\013\n)-4(\017\026\013)4(\255\026\020)-3(\r)-4(\017\026\006)-3(\013)6(\016)-9(\020\026\002)9(\n)7(\016)12(\002)5(\202)-3(\r)-2(\020)-26(\255)-10(\021)4(\022\026\023)7(\n)-4(\240\026\240)-7(\004)-3(\n)3(\023)7(\006)6(\002)2(\007\026\005)-2(\t)6(\013)2(\023)1(\240)-4(\007)-11(\023)4(\016)-9(\020)3(\017)-6(\t)-7(\016\026)]TJ
T*
[(\002)9(\n\026\221)2(\013\t)-42(\020)-3(\r\026)]TJ
/Span<</ActualText<FEFF0041>>> BDC 
(\035)Tj
EMC 
4.403 0 Td
[(\006)-5(\017)-6(\t)-8(\002)2(\007)-11(\023)-6(\036\026\221)2(\013)-1(\223\026\r)-4(\017)-3(\244)38(\016\026\017)-6(\n)-1(\020)3(\017)-6(\t)-8(\002)9(\n)2(\202\026\r)6(\002)11(\016\026\016)4(\017)-4(\205)6(\017)-6(\n)-1(\020)-3(\r\026\016)4(\017)-3(\023)4(\016)5(\013\n\026\223)-6(\002\020)-3(\r\026\020)-3(\r)-4(\017\026\022)3(\023)2(\020)3(\017)-3(\016)-9(\020\026\016)-9(\020)-11(\023)3(\202)1(\017\026\013)4(\255\026\020)-3(\r)2(\023)2(\020\026)]TJ
-0.016 Tc 0.016 Tw -4.403 -1.2 Td
[(\016)-6(\021)-20(\007)-11(\007)-12(\017)-19(\016\016)-2(\257)-16(\026)]TJ
/T1_1 1 Tf
0.002 Tc -0.002 Tw 3.699 0 Td
[(\215)1(\031)-8(\024\b)-21(\034)-2(\031)2(\030)2(\201)3(\027)-7(\b)-10(\024)-5(\r\036)5(\022)-8(\024)-5(\r\021)-3(\024)-3(\025)-10(\024)-5(\r\021)-3(\024\023)2(\030)2(\255)60(\024\032)-2(\033)-4(\034)-3(\026)-8(\027)]TJ
/T1_0 1 Tf
0 Tc 0 Tw 14.138 0 Td
(\036)Tj
-17.837 -1.56 Td
[(\247)10(\002)11(\016\026\r)2(\023)7(\t)6(\240\026\223)-2(\013\t)-9(\026\023)7(\n)-4(\240\026\240)-6(\017)-13(\240)5(\002)2(\007)-11(\023)1(\020)1(\002)2(\013\n\026\r)2(\023)12(\205)6(\017\026\n)-2(\013)2(\020\026\202)5(\013\n)-4(\017\026\021)6(\n)6(\t)2(\017)-9(\223)-1(\023)7(\t)6(\240)-6(\017)-13(\240)-1(\036\026\214)-1(\017)-11(\013\t)1(\202)1(\017\026\023)7(\n)-4(\240\026)]TJ
/T1_1 1 Tf
[(\255)-14(\026)-10(\031\030\230\024)-7(\r)-2(\b)]TJ
/T1_0 1 Tf
[(\026\r)2(\023)12(\205)6(\017\026)]TJ
T*
[(\223)-2(\013\n\026\n)7(\002)9(\n)-4(\017\026\214)-1(\017)-6(\006)6(\002)9(\n)7(\002\026\023)3(\223)-1(\023)7(\t)6(\240)6(\016)-4(\201\026\002)9(\n)-4(\007)-4(\022)6(\021)-5(\240)5(\002)9(\n)2(\202\026\255)-4(\013)-2(\021)6(\t\026\023)3(\223)-1(\023)7(\t)6(\240)7(\016\026\255)-4(\013\t\026\005)-12(\017)-3(\016)-9(\020\026\r)-3(\013)6(\016)-9(\020\026\002)9(\n\026\023\026\020)-11(\023)4(\022)5(\026\f)-2(\t)6(\013\202)1(\t)-4(\023)7(\006\026\013\t\026)]TJ
T*
[(\016)4(\017)-6(\t)-8(\002\017)-3(\016)-4(\201\026\023)7(\n)-4(\240\026\020)-3(\r)6(\t)2(\017)-13(\017\026\255)-4(\013\t\026\005)-12(\017)-3(\016)-9(\020\026\020)-11(\023)4(\022)5(\026\016)4(\017)-6(\t)-8(\002\017)-3(\016\026\002)9(\n\026)]TJ
/Span<</ActualText<FEFF0043>>> BDC 
(\034)Tj
EMC 
16.606 0 Td
[(\023)7(\n)3(\023)1(\240)1(\023)-6(\036\026\247)-1(\017)-3(\244)38(\016\026\023)4(\022)7(\016)5(\013\026\005)-12(\017)-13(\017)-6(\n\026\020)-3(\r)-4(\017\026\t)2(\017)-13(\007)-2(\002)9(\f)-1(\002\017)-6(\n)-1(\020\026\013)4(\255\026\023\026\214)6(\t)-4(\023)1(\007)-2(\002\017\026)]TJ
/Span<</ActualText<FEFF0041>>> BDC 
-16.606 -1.2 Td
(\035)Tj
EMC 
0.597 0 Td
[(\223)-1(\023)7(\t)6(\240\026\255)-8(\t)6(\013\006\026\020)-3(\r)-4(\017\026)]TJ
/Span<</ActualText<FEFF0041>>> BDC 
(\035)Tj
EMC 
6.684 0 Td
[(\006)-5(\017)-6(\t)-8(\002)2(\007)-11(\023)7(\n\026)]TJ
/Span<</ActualText<FEFF0057>>> BDC 
(\037)Tj
EMC 
4.467 0 Td
[(\013\006)-5(\017)-6(\n\026\013)4(\255\026\216)3(\023\240)5(\002)2(\013\026\023)7(\n)-4(\240\026\003)63(\017)-8(\022)-5(\017)-4(\205)-1(\002)11(\016)12(\002)2(\013\n)2(\036\026\221)2(\013)2(\020\026\005\023)1(\240\026\255)-4(\013\t\026\023\026\f)-4(\021)6(\n)4(\026\255)-8(\t)6(\013\006\026)]TJ
/Span<</ActualText<FEFF004D>>> BDC 
-11.748 -1.2 Td
(\027)Tj
EMC 
0.872 0 Td
[(\023)4(\022)-2(\020)7(\013\n\201\026)]TJ
/Span<</ActualText<FEFF004F>>> BDC 
(\031)Tj
EMC 
3.365 0 Td
[(\n)-1(\020)-11(\023)7(\t)-8(\002)2(\013)11(\036)]TJ
/T1_2 1 Tf
14 0 0 14 72.9 518.944 Tm
(\002\213\003\003)Tj
ET
q
0 0 585 765 re
W n
BT
0.503 0.51 0.52  scn
/GS0 gs
/T1_3 1 Tf
/Span<</ActualText<FEFF006D>>> BDC 
7 0 0 7 72.9 502.944 Tm
(\030)Tj
EMC 
(\032)Tj
/Span<</ActualText<FEFF00630063>>> BDC 
(\027\027)Tj
EMC 
/Span<</ActualText<FEFF0020>>> BDC 
10 0 0 10 92.3667 502.944 Tm
(\031)Tj
EMC 
(\006\025\004\006\025\024)Tj
-1.947 -1.6 Td
(\006\026\021\006\004)Tj
/Span<</ActualText<FEFF0020>>> BDC 
(\031)Tj
EMC 
7 0 0 7 97.3797 486.944 Tm
(\r)Tj
/Span<</ActualText<FEFF006D>>> BDC 
(\030)Tj
EMC 
ET
Q
BT
/T1_2 1 Tf
/Span<</ActualText<FEFF0047>>> BDC 
9 0 0 9 72.9 470.944 Tm
(\016)Tj
EMC 
(\033)Tj
/Span<</ActualText<FEFF006C>>> BDC 
(\027)Tj
EMC 
(\033\020\027)Tj
/Span<</ActualText<FEFF0075>>> BDC 
(\030)Tj
EMC 
(\036)Tj
/Span<</ActualText<FEFF0063>>> BDC 
(\031)Tj
EMC 
(\013\017\035\036)Tj
/Span<</ActualText<FEFF0047>>> BDC 
18 0 0 18 72.9 440.508 Tm
(\016)Tj
EMC 
(\222\232\242\226\222\020)Tj
T*
(\024\223\242\232\234\233\261\232\234\244\232\241\232\234\244\232\227)Tj
ET
q
293.5 418 142 178 re
W n
q
/GS0 gs
142.4000092 0 0 178.0000153 293.5 417.9999847 cm
/Im0 Do
Q
Q
/CS0 CS 1 1 1  SCN
2 w 4 M 
/GS0 gs
293.5 418 142 178 re
S
BT
/GS1 gs
/T1_4 1 Tf
11 0 0 11 72.9 178.5861 Tm
[(\036)5(\r)3(\001\032\f)5(\200)4(\020\032\016)-5(\017\021)7(\021)1(\017)12(\231)8(\204)13(\r)8(\201\032\t)4(\b)6(\020)-8(\013)5(\020)-3(\r)7(\f)-6(\023)8(\f)4(\204)5(\017)6(\r)14(\216)]TJ
/T1_0 1 Tf
9 0 0 9 81.9 168.5861 Tm
(\266)Tj
/Span<</ActualText<FEFF0009>>> BDC 
(\026)Tj
EMC 
/Span<</ActualText<FEFF004F004C0041>>> BDC 
1 0 Td
[(\031)-2(\030)-51(\035)]TJ
EMC 
(\026)Tj
/Span<</ActualText<FEFF004D>>> BDC 
(\027)Tj
EMC 
3.04 0 Td
[(\017)-17(\240)1(\002)2(\023\026\023)2(\n)-8(\240\026)]TJ
/Span<</ActualText<FEFF0043>>> BDC 
(\034)Tj
EMC 
4.412 0 Td
[(\013)-5(\006)1(\006)-1(\021)2(\n)2(\002)-3(\007)-16(\023)-3(\020)-4(\002)-3(\013)-5(\n)2(\016\026)]TJ
/Span<</ActualText<FEFF0041>>> BDC 
(\035)Tj
EMC 
7.445 0 Td
[(\223)-5(\023)2(\t)2(\240)9(\257\026)]TJ
/T1_4 1 Tf
[(\037)7(\204)-3(\007\200)1(\023)-3(\020)-16(\021\032\255)-16(\023)2(\233)-2(\017)-3(\204)-3(\020)-33(\243)18(\235)-10(\204)1(\021)1(\245)-1(\204)6(\r)2(\013\017)-1(\r)-1(\227\032\013)-14(\f\n)-3(\001)-7(\020)-10(\r\f)3(\243)-12(\023)-2(\007)-28(\f)-3(\204)1()-1(\204)1(\013)-14(\f)]TJ
ET
1 1 1  scn
/GS0 gs
77.18 61.885 69.163 86.454 re
f
q
77.18 61.885 69.162 86.454 re
W n
q
71.1221619 0 0 88.5040436 76.1787109 60.9010162 cm
/Im1 Do
Q
Q
1 w 
77.18 61.885 69.163 86.454 re
S
