q
0 0 585 765 re
W n
q
/GS0 gs
/Fm0 Do
Q
Q
/CS0 cs 1 1 1  scn
/GS0 gs
37.08 10.26 514.08 16.74 re
f
BT
0 0 0  scn
/GS1 gs
/T1_0 1 Tf
8 0 0 8 37.08 21.048 Tm
(\024\203)Tj
0.04 Tc -0.04 Tw /Span<</ActualText<FEFF00090066007200690064>>> BDC 
[(\026)-3042(\001\216\225\224)]TJ
EMC 
(\035)Tj
/Span<</ActualText<FEFF0079>>> BDC 
7.237 0 Td
(\232)Tj
EMC 
(\026)Tj
/Span<</ActualText<FEFF0066>>> BDC 
(\001)Tj
EMC 
(\033)Tj
/Span<</ActualText<FEFF00620072>>> BDC 
(\250\216)Tj
EMC 
(\242\035)Tj
/Span<</ActualText<FEFF00720079>>> BDC 
(\216\232)Tj
EMC 
(\026\206)Tj
/Span<</ActualText<FEFF0009004F004C0041>>> BDC 
(\026)Tj
21.319 0 Td
(\031\030\035)Tj
EMC 
(\026)Tj
/Span<</ActualText<FEFF0053>>> BDC 
(\032)Tj
EMC 
(\242)Tj
/Span<</ActualText<FEFF0070>>> BDC 
(\235)Tj
EMC 
(\033)Tj
/Span<</ActualText<FEFF0072>>> BDC 
(\216)Tj
EMC 
(\026)Tj
/Span<</ActualText<FEFF0043>>> BDC 
(\034)Tj
EMC 
(\031)Tj
/Span<</ActualText<FEFF006E0066>>> BDC 
(\221\001)Tj
EMC 
(\033)Tj
/Span<</ActualText<FEFF0072>>> BDC 
(\216)Tj
EMC 
(\033)Tj
/Span<</ActualText<FEFF006E>>> BDC 
(\221)Tj
EMC 
(\034\033\026\215\217\220\215)Tj
ET
q
0 0 585 765 re
W n
q
0 g
/GS0 gs
0 Tc 0 Tw /Fm1 Do
Q
/CS0 CS 1 1 1  SCN
3 w 4 M 
/GS0 gs
q 1 0 0 1 525.9023 36.1518 cm
0 0 m
8.582 84.338 0 84.383 v
-8.582 84.428 -18.508 92.26 -18.225 100 c
-17.942 107.74 -7.258 114.958 0 113.149 c
7.258 111.34 -9.435 204.411 0 204.501 c
15.898 204.654 16.016 215.878 15.538 221.86 c
14.818 237.34 -6.062 224.02 0 241.128 c
2.703 248.755 -2.695 328.06 -0.959 333.1 c
0.778 338.14 -18.683 327.7 -19.033 343.18 c
-19.382 358.66 -9.662 356.86 0 354.501 c
5.818 358.3 6.062 450.294 0 448.577 c
-6.062 446.86 -18.302 445.78 -15.345 461.26 c
-12.722 477.82 -5.278 467.183 0 472.501 c
5.278 477.82 -6.178 547.506 0 555.503 c
6.178 563.5 13.378 554.5 14.098 569.62 c
13.738 585.82 6.062 574.862 0 582.141 c
-6.062 589.42 0 638.16 y
S
Q
q 1 0 0 1 424.4023 674.3451 cm
0 0 m
8.582 -84.338 0 -84.383 v
-8.582 -84.428 -18.508 -92.26 -18.225 -100 c
-17.942 -107.74 -7.258 -114.958 0 -113.149 c
7.258 -111.34 -9.435 -204.411 0 -204.501 c
15.898 -204.654 16.016 -215.878 15.538 -221.86 c
14.818 -237.34 -6.062 -224.02 0 -241.128 c
2.703 -248.755 -2.695 -328.06 -0.959 -333.1 c
0.778 -338.14 -18.683 -327.7 -19.033 -343.18 c
-19.382 -358.66 -9.662 -356.86 0 -354.501 c
5.818 -358.3 6.062 -450.294 0 -448.577 c
-6.062 -446.86 -18.302 -445.78 -15.345 -461.26 c
-12.722 -477.82 -5.278 -467.183 0 -472.501 c
5.278 -477.82 -6.178 -547.506 0 -555.503 c
6.178 -563.5 13.378 -554.5 14.098 -569.62 c
13.738 -585.82 6.062 -574.862 0 -582.141 c
-6.062 -589.42 0 -638.16 y
S
Q
q 1 0 0 1 333.5223 674.3451 cm
0 0 m
-8.582 -84.338 0 -84.383 v
8.582 -84.428 18.508 -92.26 18.225 -100 c
17.942 -107.74 7.258 -114.958 0 -113.149 c
-7.258 -111.34 9.435 -204.411 0 -204.501 c
-15.898 -204.654 -16.016 -215.878 -15.538 -221.86 c
-14.818 -237.34 6.062 -224.02 0 -241.128 c
-2.703 -248.755 2.695 -328.06 0.959 -333.1 c
-0.778 -338.14 18.683 -327.7 19.033 -343.18 c
19.382 -358.66 9.662 -356.86 0 -354.501 c
-5.818 -358.3 -6.062 -450.294 0 -448.577 c
6.062 -446.86 18.302 -445.78 15.345 -461.26 c
12.722 -477.82 5.278 -467.183 0 -472.501 c
-5.278 -477.82 6.178 -547.506 0 -555.503 c
-6.178 -563.5 -13.378 -554.5 -14.098 -569.62 c
-13.738 -585.82 -6.062 -574.862 0 -582.141 c
6.062 -589.42 0 -638.16 y
S
Q
q 1 0 0 1 227.0223 36.1518 cm
0 0 m
-8.582 84.338 0 84.383 v
8.582 84.428 18.508 92.26 18.225 100 c
17.942 107.74 7.258 114.958 0 113.149 c
-7.258 111.34 9.435 204.411 0 204.501 c
-15.898 204.654 -16.016 215.878 -15.538 221.86 c
-14.818 237.34 6.062 224.02 0 241.128 c
-2.703 248.755 2.695 328.06 0.959 333.1 c
-0.778 338.14 18.683 327.7 19.033 343.18 c
19.382 358.66 9.662 356.86 0 354.501 c
-5.818 358.3 -6.062 450.294 0 448.577 c
6.062 446.86 18.302 445.78 15.345 461.26 c
12.722 477.82 5.278 467.183 0 472.501 c
-5.278 477.82 6.178 547.506 0 555.503 c
-6.178 563.5 -13.378 554.5 -14.098 569.62 c
-13.738 585.82 -6.062 574.862 0 582.141 c
6.062 589.42 0 638.16 y
S
Q
q 1 0 0 1 147.9023 36.1518 cm
0 0 m
8.582 84.338 0 84.383 v
-8.582 84.428 -18.508 92.26 -18.225 100 c
-17.942 107.74 -7.258 114.958 0 113.149 c
7.258 111.34 -9.435 204.411 0 204.501 c
15.898 204.654 16.016 215.878 15.538 221.86 c
14.818 237.34 -6.062 224.02 0 241.128 c
2.703 248.755 -2.695 328.06 -0.959 333.1 c
0.778 338.14 -18.683 327.7 -19.033 343.18 c
-19.382 358.66 -9.662 356.86 0 354.501 c
5.818 358.3 6.062 450.294 0 448.577 c
-6.062 446.86 -18.302 445.78 -15.345 461.26 c
-12.722 477.82 -5.278 467.183 0 472.501 c
5.278 477.82 -6.178 547.506 0 555.503 c
6.178 563.5 13.378 554.5 14.098 569.62 c
13.738 585.82 6.062 574.862 0 582.141 c
-6.062 589.42 0 638.16 y
S
Q
q 1 0 0 1 64.0223 36.1518 cm
0 0 m
-8.582 84.338 0 84.383 v
8.582 84.428 18.508 92.26 18.225 100 c
17.942 107.74 7.258 114.958 0 113.149 c
-7.258 111.34 9.435 204.411 0 204.501 c
-15.898 204.654 -16.016 215.878 -15.538 221.86 c
-14.818 237.34 6.062 224.02 0 241.128 c
-2.703 248.755 2.695 328.06 0.959 333.1 c
-0.778 338.14 18.683 327.7 19.033 343.18 c
19.382 358.66 9.662 356.86 0 354.501 c
-5.818 358.3 -6.062 450.294 0 448.577 c
6.062 446.86 18.302 445.78 15.345 461.26 c
12.722 477.82 5.278 467.183 0 472.501 c
-5.278 477.82 6.178 547.506 0 555.503 c
-6.178 563.5 -13.378 554.5 -14.098 569.62 c
-13.738 585.82 -6.062 574.862 0 582.141 c
6.062 589.42 0 638.16 y
S
Q
q 1 0 0 1 -53.3451 546.5032 cm
0 0 m
84.338 8.582 84.383 0 v
84.428 -8.582 92.26 -18.508 100 -18.225 c
107.74 -17.942 114.958 -7.258 113.149 0 c
111.34 7.258 204.411 -9.435 204.501 0 c
204.654 15.898 215.878 16.016 221.86 15.538 c
237.34 14.818 224.02 -6.062 241.128 0 c
248.755 2.703 328.06 -2.695 333.1 -0.959 c
338.14 0.778 327.7 -18.683 343.18 -19.033 c
358.66 -19.382 356.86 -9.662 354.501 0 c
358.3 5.818 450.294 6.062 448.577 0 c
446.86 -6.062 445.78 -18.302 461.26 -15.345 c
477.82 -12.722 467.183 -5.278 472.501 0 c
477.82 5.278 547.506 -6.178 555.503 0 c
563.5 6.178 554.5 13.378 569.62 14.098 c
585.82 13.738 574.862 6.062 582.141 0 c
589.42 -6.062 638.16 0 y
S
Q
q 1 0 0 1 584.8481 438.5032 cm
0 0 m
-84.338 8.582 -84.383 0 v
-84.428 -8.582 -92.26 -18.508 -100 -18.225 c
-107.74 -17.942 -114.958 -7.258 -113.149 0 c
-111.34 7.258 -204.411 -9.435 -204.501 0 c
-204.654 15.898 -215.878 16.016 -221.86 15.538 c
-237.34 14.818 -224.02 -6.062 -241.128 0 c
-248.755 2.703 -328.06 -2.695 -333.1 -0.959 c
-338.14 0.778 -327.7 -18.683 -343.18 -19.033 c
-358.66 -19.382 -356.86 -9.662 -354.501 0 c
-358.3 5.818 -450.294 6.062 -448.577 0 c
-446.86 -6.062 -445.78 -18.302 -461.26 -15.345 c
-477.82 -12.722 -467.183 -5.278 -472.501 0 c
-477.82 5.278 -547.506 -6.178 -555.503 0 c
-563.5 6.178 -554.5 13.378 -569.62 14.098 c
-585.82 13.738 -574.862 6.062 -582.141 0 c
-589.42 -6.062 -638.16 0 y
S
Q
q 1 0 0 1 584.8481 313.1232 cm
0 0 m
-84.338 -8.582 -84.383 0 v
-84.428 8.582 -92.26 18.508 -100 18.225 c
-107.74 17.942 -114.958 7.258 -113.149 0 c
-111.34 -7.258 -204.411 9.435 -204.501 0 c
-204.654 -15.898 -215.878 -16.016 -221.86 -15.538 c
-237.34 -14.818 -224.02 6.062 -241.128 0 c
-248.755 -2.703 -328.06 2.695 -333.1 0.959 c
-338.14 -0.778 -327.7 18.683 -343.18 19.033 c
-358.66 19.382 -356.86 9.662 -354.501 0 c
-358.3 -5.818 -450.294 -6.062 -448.577 0 c
-446.86 6.062 -445.78 18.302 -461.26 15.345 c
-477.82 12.722 -467.183 5.278 -472.501 0 c
-477.82 -5.278 -547.506 6.178 -555.503 0 c
-563.5 -6.178 -554.5 -13.378 -569.62 -14.098 c
-585.82 -13.738 -574.862 -6.062 -582.141 0 c
-589.42 6.062 -638.16 0 y
S
Q
q 1 0 0 1 584.8481 195.7914 cm
0 0 m
-84.338 8.582 -84.383 0 v
-84.428 -8.582 -92.26 -18.508 -100 -18.225 c
-107.74 -17.942 -114.958 -7.258 -113.149 0 c
-111.34 7.258 -204.411 -9.435 -204.501 0 c
-204.654 15.898 -215.878 16.016 -221.86 15.538 c
-237.34 14.818 -224.02 -6.062 -241.128 0 c
-248.755 2.703 -328.06 -2.695 -333.1 -0.959 c
-338.14 0.778 -327.7 -18.683 -343.18 -19.033 c
-358.66 -19.382 -356.86 -9.662 -354.501 0 c
-358.3 5.818 -450.294 6.062 -448.577 0 c
-446.86 -6.062 -445.78 -18.302 -461.26 -15.345 c
-477.82 -12.722 -467.183 -5.278 -472.501 0 c
-477.82 5.278 -547.506 -6.178 -555.503 0 c
-563.5 6.178 -554.5 13.378 -569.62 14.098 c
-585.82 13.738 -574.862 6.062 -582.141 0 c
-589.42 -6.062 -638.16 0 y
S
Q
q 1 0 0 1 -53.3451 84.4527 cm
0 0 m
84.338 8.582 84.383 0 v
84.428 -8.582 92.26 -18.508 100 -18.225 c
107.74 -17.942 114.958 -7.258 113.149 0 c
111.34 7.258 204.411 -9.435 204.501 0 c
204.654 15.898 215.878 16.016 221.86 15.538 c
237.34 14.818 224.02 -6.062 241.128 0 c
248.755 2.703 328.06 -2.695 333.1 -0.959 c
338.14 0.778 327.7 -18.683 343.18 -19.033 c
358.66 -19.382 356.86 -9.662 354.501 0 c
358.3 5.818 450.294 6.062 448.577 0 c
446.86 -6.062 445.78 -18.302 461.26 -15.345 c
477.82 -12.722 467.183 -5.278 472.501 0 c
477.82 5.278 547.506 -6.178 555.503 0 c
563.5 6.178 554.5 13.378 569.62 14.098 c
585.82 13.738 574.862 6.062 582.141 0 c
589.42 -6.062 638.16 0 y
S
Q
Q
BT
/T1_1 1 Tf
0 Tc 0 Tw 14 0 0 14 36 646.7847 Tm
(\002\004\003\213)Tj
ET
q
0 0 585 765 re
W n
BT
0.428 0.433 0.443  scn
/GS0 gs
/T1_2 1 Tf
9 0 0 9 67.3315 646.7847 Tm
(\031)Tj
/Span<</ActualText<FEFF006D>>> BDC 
6.3 0 0 6.3 104.8766 646.7847 Tm
(\030)Tj
EMC 
(\032)Tj
/Span<</ActualText<FEFF00630063>>> BDC 
(\027\027)Tj
EMC 
/Span<</ActualText<FEFF0020>>> BDC 
9 0 0 9 122.3966 646.7847 Tm
(\031)Tj
EMC 
(\006\025\016)Tj
6.3 0 0 6.3 139.6405 646.7847 Tm
(\033)Tj
9 0 0 9 36 635.9847 Tm
(\026\021\006\025)Tj
/Span<</ActualText<FEFF0020>>> BDC 
(\031)Tj
EMC 
6.3 0 0 6.3 55.3947 635.9847 Tm
(\r)Tj
/Span<</ActualText<FEFF006D>>> BDC 
(\030)Tj
EMC 
ET
Q
BT
/T1_3 1 Tf
9 0 0 9 36 623.0247 Tm
(\013\035\032\035\034\031\036\031\032\027)Tj
/T1_1 1 Tf
/Span<</ActualText<FEFF0054>>> BDC 
0 -1.44 TD
(\032)Tj
EMC 
(\035)Tj
/Span<</ActualText<FEFF0070>>> BDC 
(\025)Tj
EMC 
(\020)Tj
/Span<</ActualText<FEFF0054>>> BDC 
(\032)Tj
EMC 
(\017\036\020)Tj
/Span<</ActualText<FEFF004D>>> BDC 
(\b)Tj
EMC 
(\033\036\033\016\017\b\017\036\032\020)Tj
/Span<</ActualText<FEFF0054006900700073>>> BDC 
0 -1.2 TD
(\032\037\025\024)Tj
EMC 
(\020\230\033)Tj
/Span<</ActualText<FEFF0070>>> BDC 
(\025)Tj
EMC 
(\035)Tj
/Span<</ActualText<FEFF006C>>> BDC 
(\027)Tj
EMC 
(\035\016)Tj
/Span<</ActualText<FEFF0069>>> BDC 
(\037)Tj
EMC 
(\017)Tj
/Span<</ActualText<FEFF0073>>> BDC 
(\024)Tj
EMC 
(\020\032\035\020)Tj
0 -1.2 TD
[(\r\033)50(\034)]TJ
/Span<</ActualText<FEFF00690064>>> BDC 
(\037\r)Tj
EMC 
(\020\027\017\032\032\017\021\b\033\036\231)Tj
/T1_0 1 Tf
/Span<</ActualText<FEFF0043>>> BDC 
8 0 0 8 36 575.9847 Tm
(\034)Tj
EMC 
0.565 0 Td
(\t\017\023\020\017\240\026\023\n\240\026\006\013\240\017\t\023\020\017\240\\026\005\004\026)Tj
/T1_4 1 Tf
[(\235)60(\020\r\001\223\032)]TJ
-0.565 -1.2 Td
(\215\204\007\245\013)Tj
/T1_0 1 Tf
[(\201\026\224\017\f\021\020\004\026\224\002\t\017\007\020\013\t)80(\201\026)]TJ
/Span<</ActualText<FEFF0053>>> BDC 
(\032)Tj
EMC 
(\020\t\023\020\255\013\t\240\026\235)Tj
/Span<</ActualText<FEFF004C>>> BDC 
(\030)Tj
EMC 
/Span<</ActualText<FEFF0057>>> BDC 
9 0 0 9 36 551.9847 Tm
(\037)Tj
EMC 
0.84 0 Td
[(\017)-11(\n)-8(\240)-11(\004\026\223)-10(\002)2(\022)1(\022\026\255)-13(\017)-8(\023)-3(\020)-3(\021)2(\t)-2(\017\026\023\026\016\017)-11(\t)-12(\002)-5(\017)-8(\016\026\013\255\026)]TJ
-0.84 -1.2 Td
[(\205)-5(\002)-5(\240)-10(\017)-15(\013\026\205)-5(\002\202)-3(\n)-8(\017)-18(\020)-35(\020)-1(\017)-8(\016\026\013\255\026\016)7(\002\202)-3(\n)2(\002)-3(\234)-17(\007)-16(\023)2(\n)-6(\020\026)]TJ
T*
[(\022)-9(\017)-8(\023)-4(\240)-10(\017)-11(\t)-11(\016\026\255)-12(\t)1(\013)-5(\006\026\020)-8(\r)-9(\017\026\022)2(\002)2(\005)-6(\t)-8(\023)2(\t)-48(\004\026\223)-7(\013)-5(\t)-14(\022)-8(\240\026)]TJ
T*
[(\023)2(\n)-8(\240\026\005)-17(\017)-10(\004)1(\013)-5(\n)-8(\240\026\223)-14(\r)-7(\013)-5(\006\026\016)1(\r)-9(\017\026\r)-2(\023\016\026)]TJ
T*
[(\002)4(\n)-6(\020)-1(\017)-11(\t)-44(\205)-5(\002)-5(\017)-14(\223)-10(\017)-17(\240\026\023)2(\n)-8(\240\026\017)-17(\240)1(\002)-4(\020)-1(\017)-17(\240\026\255)-8(\013)-5(\t\026\020)-8(\r)2(\002)7(\016\026)]TJ
T*
[(\022)2(\002)-3(\205)1(\017)-12(\022)-9(\004\026\016\017)-8(\016)11(\016)7(\002)-3(\013)-5(\n)-3(\036\026)]TJ
/Span<</ActualText<FEFF0057>>> BDC 
(\037)Tj
EMC 
6.834 0 Td
[(\r)-2(\023)-3(\020\026\002)7(\016\026\020)-8(\r)-9(\017)-8(\002)4(\t\026\271)-6(\220\026)]TJ
-6.834 -1.2 Td
[(\t)-14(\021\022)-9(\017\026\255)-9(\013)-5(\t\026\006)-2(\023)2(\n)-2(\023)-1(\202)-3(\002)4(\n)-2(\202\026\013)-2(\020)-8(\r)-9(\017)-11(\t)-11(\016\026\023)2(\n)-8(\240\026)]TJ
T*
[(\r)-7(\013)-5(\223\026\223)-5(\023\016\026\002)-4(\020\026\022)-9(\017)-8(\023)2(\t)-12(\n)-8(\017)-17(\240)6(\245\026\003)-15(\r)-9(\017\026\020)-4(\002)4(\f)-1(\016\026)]TJ
T*
[(\223)-10(\002)2(\022)1(\022\026\005)-17(\017\026\016)7(\002)4(\006)1(\f)-9(\022)-9(\017\026\020)2(\013\026\202)-3(\t)-8(\023\016)5(\f)8(\201\026\t)-2(\017)-17(\007)-16(\023)-1(\022)1(\022)-4(\201\026)]TJ
T*
[(\023)2(\n)-8(\240\026\002)4(\006)1(\f)-9(\022)-9(\017)-11(\006)-9(\017)-11(\n)-6(\020\026\002)4(\n\026\020)2(\013)-14(\240)-3(\023)4(\004)-8(\227)12(\016\026)]TJ
T*
[(\255)-16(\023\016)-13(\020)9(\200)-8(\255)-9(\013)-5(\t)-48(\223)-5(\023)2(\t)2(\240\026\223)-7(\013)-5(\t)-14()-8(\f)-9(\022)-2(\023)-4(\007\017)-8(\036\026\003)57(\223)-7(\013\026)]TJ
T*
[(\013)-5(\t\026\006)-8(\013)-5(\t)-2(\017\026\013\255\026\020)-8(\r)-9(\017)-8(\016\017\026\013)-7(\021)-7(\020)-17(\016)-13(\020)-15(\023)2(\n)-8(\240)1(\002)4(\n)-2(\202\026)]TJ
T*
[(\022)-9(\017)-8(\023)-4(\240)-10(\017)-11(\t)-11(\016\026\223)-10(\002)2(\022)1(\022\026\023)2(\f)-6(\f)-17(\017)-8(\023)2(\t\026\002)4(\n\026\f)-17(\017)-11(\t)-11(\016\013)-5(\n\026\020)2(\013\026)]TJ
T*
[(\017)-17(\211)-8(\f)-5(\023)2(\n)-8(\240\026\021)2(\f)-14(\013)-5(\n\026\020)-8(\r)-9(\017)-8(\002)4(\t\026\020)-8(\r)-7(\013)-7(\021)-4(\202)-7(\r)-6(\020)-16(\016)-6(\036\026)]TJ
0 -3.2 TD
[(\214)2(\021)-10(\017)-8(\016)-13(\020)-17(\016\026\002)4(\n)-8(\007)-8(\022)1(\021)-10(\240)-10(\017)1(\257\026\224)-5(\023)7(\205)-5(\002)-5(\240\026)]TJ
/Span<</ActualText<FEFF0043>>> BDC 
(\034)Tj
EMC 
10.063 0 Td
[(\r)2(\002)2(\022)-6(\020)2(\013)-5(\n)-4(\201\026)]TJ
-10.063 -1.2 Td
[(\023)2(\021)-7(\020)-8(\r)-7(\013)-5(\t\026\013\255\026)]TJ
/T1_3 1 Tf
[(\255)-18(\026)-14(\031\030\240)24(\031)-18(\035)-5(\021)-14(\027)-13(\026)-11(\t\030\006)-20(\035)-5(\b)-24(\022)-14(\031)-9(\b)]TJ
/T1_0 1 Tf
(\026)Tj
-0.002 Tc 0.002 Tw 0 -1.2 TD
[(\023\n)-10(\240)]TJ
/T1_3 1 Tf
0 Tc 0 Tw 1.566 0 Td
[(\030\255)-18(\026)-14(\031\030\240)24(\031)-18(\035)-5(\021)-14(\027)-13(\026)-11(\t\030\006)-20(\035)-5(\b)-24(\022)-14(\031)-9(\b\030)]TJ
0.006 Tc -0.006 Tw -1.566 -1.2 Td
[(\221)-4(\031)-14(\027)-12(\r\b)-18(\032)-3(\023)]TJ
/T1_0 1 Tf
0 Tc 0 Tw 3.106 0 Td
[(\263\026\216)3(\013)-7(\005\026\003)63(\023)2(\002)-4(\020)-21(\201\026\235)-2(\t)-2(\017)-8(\016)7(\002)-5(\240)-10(\017)-11(\n)-6(\020)-21(\201\026)]TJ
-3.106 -1.2 Td
[(\001)28(\t)-2(\017)-8(\016)1(\r\026\250)-5(\023)5(\017)-17(\240\026)]TJ
/Span<</ActualText<FEFF0045>>> BDC 
(\033)Tj
EMC 
5.868 0 Td
[(\n)-6(\020)-1(\017)-11(\t)-46(\020)-15(\023)2(\002)4(\n)2(\006)-9(\017)-11(\n)-6(\020\026)]TJ
-5.868 -1.2 Td
[(\236)-48(\003)62(\013)-5(\t)1(\013)-5(\n)-6(\020)2(\013)26(\237)29(\201\026\221)6(\002)-3(\007\026\210)32(\023)2(\n)-8(\240)-10(\017)-10(\t)-14()-8(\023)2(\006)1(\f)8(\201\026)]TJ
T*
[(\235)-6(\r\004)-7(\016)7(\002)-3(\007)-16(\023)2(\n)-4(\201\026)24(\214)2(\t)-2(\017)-8(\023)-3(\020)-1(\017)-11(\t\026)24(\235)-2(\017)-18(\020)-1(\017)-11(\t)-14(\005)-14(\013)-5(\t)2(\013)-7(\021)-4(\202)-7(\r\026)]TJ
T*
[(\001)24(\023)2(\006)1(\002)2(\022)-9(\004\026\247)-5(\017)-8(\023)-1(\022)-6(\020)-8(\r\026\003)57(\017)-8(\023)2(\006)9(\263\026)]TJ
/Span<</ActualText<FEFF0057>>> BDC 
(\037)Tj
EMC 
9.655 0 Td
[(\017)-11(\n)-8(\240)-11(\004\026)]TJ
-9.655 -1.2 Td
[(\221)-5(\017)-14(\223)-10(\006)-3(\023)2(\n)-4(\201\026)]TJ
/Span<</ActualText<FEFF0053>>> BDC 
(\032)Tj
EMC 
4.84 0 Td
[(\017)-11(\n)2(\002)-3(\013)-5(\t\026\001)10(\017)-12(\022)1(\022)-7(\013)-5(\223)19(\201\026)]TJ
-4.84 -1.2 Td
[(\225)-18(\200)]TJ
/Span<</ActualText<FEFF0053>>> BDC 
0.588 0 Td
(\032)Tj
EMC 
0.541 0 Td
[(\007)-10(\r)-7(\013)-12(\013)-8(\022)-4(\201\026)]TJ
/Span<</ActualText<FEFF0055>>> BDC 
(\242)Tj
EMC 
3.528 0 Td
[(\n)2(\002)-3(\205)1(\017)-11(\t)-11(\016)7(\002)-4(\020)-38(\004\026\013\255\026\003)62(\013)-5(\t)1(\013)-5(\n)-6(\020)2(\013)10(\263\026)]TJ
/Span<</ActualText<FEFF0043>>> BDC 
-4.656 -1.2 Td
(\034)Tj
EMC 
0.614 0 Td
[(\023)-3(\020)-8(\r\004\026)]TJ
/Span<</ActualText<FEFF004D>>> BDC 
(\027)Tj
EMC 
2.864 0 Td
[(\023)-3(\020)-38(\004)-2(\023\016)-8(\201\026)]TJ
/Span<</ActualText<FEFF00430045004F>>> BDC 
[(\034)3(\033)16(\031)]TJ
EMC 
[(\026\250)-5(\t)-8(\023)2(\006)1(\f)-9(\020)2(\013)-5(\n\026)]TJ
-3.478 -1.2 Td
(\235)Tj
/Span<</ActualText<FEFF004C>>> BDC 
0.553 0 Td
(\030)Tj
EMC 
0.521 0 Td
[(\263\026\243)7(\002)4(\006\026)]TJ
/Span<</ActualText<FEFF0043>>> BDC 
(\034)Tj
EMC 
2.734 0 Td
[(\013)-12(\013)-5(\f)-17(\017)-11(\t)40(\201\026\235)-2(\t)-2(\017)-8(\016)7(\002)-5(\240)-10(\017)-11(\n)-6(\020\026\265\026)]TJ
/Span<</ActualText<FEFF00430045004F>>> BDC 
-3.808 -1.2 Td
[(\034)3(\033)16(\031)]TJ
EMC 
1.872 0 Td
(\201\026)Tj
/Span<</ActualText<FEFF004D>>> BDC 
(\027)Tj
EMC 
1.379 0 Td
[(\023)2(\f)-9(\022)-9(\017)-8(\016\013\255)-46(\020)-14(\263\026)]TJ
/Span<</ActualText<FEFF0041>>> BDC 
(\035)Tj
EMC 
4.491 0 Td
[(\n)2(\002)-4(\020)-15(\023\026\214)2(\023)2(\255)-41(\255)-12(\n)-8(\017)-10(\004)28(\201\026)]TJ
-0.001 Tc 0.001 Tw /Span<</ActualText<FEFF0041>>> BDC 
-7.742 -1.2 Td
(\035)Tj
EMC 
0.609 0 Td
[(\240\006\002)3(\n)1(\002)6(\016)-14(\020)-5(\t)-9(\023)-4(\020)-5(\002)-4(\205\017)-1(\026)-1(\224)-7(\002)3(\t)-3(\017)-18(\007)-36(\020)1(\013)-6(\t)39(\201)-1(\026)]TJ
0 Tc 0 Tw /Span<</ActualText<FEFF0053>>> BDC 
-0.609 -1.2 Td
(\032)Tj
EMC 
0.529 0 Td
[(\020)-4(\t)-8(\023)-3(\020)-30(\255)-9(\013)-5(\t)2(\240\026)]TJ
/Span<</ActualText<FEFF0053>>> BDC 
(\032)Tj
EMC 
[(\r)-2(\023)5(\017)-8(\016)5(\f)-17(\017)-8(\023)2(\t)-2(\017\026\001)10(\017)-8(\016)-13(\020)-4(\002)-3(\205)1(\023)-1(\022)9(\263\026)]TJ
/Span<</ActualText<FEFF0053>>> BDC 
-0.529 -1.2 Td
(\032)Tj
EMC 
[(\r)-2(\023)2(\021)2(\n)-2(\023\026\003)-15(\r)-7(\013)-5(\006)-3(\023\016)-8(\201\026)]TJ
/Span<</ActualText<FEFF0053>>> BDC 
(\032)Tj
EMC 
7.81 0 Td
[(\021)2(\n)-8(\240)-3(\023)4(\004\026)]TJ
/Span<</ActualText<FEFF0053>>> BDC 
-7.81 -1.2 Td
(\032)Tj
EMC 
0.541 0 Td
[(\017)-11(\t)-44(\205)-5(\002)-3(\007\017)-8(\016\026)]TJ
/Span<</ActualText<FEFF0053>>> BDC 
(\032)Tj
EMC 
3.711 0 Td
[(\f)-17(\017)-17(\007)-6(\002)2(\023)-1(\022)2(\002)7(\016)-13(\020)-21(\201\026)]TJ
/Span<</ActualText<FEFF0053>>> BDC 
(\032)Tj
EMC 
4.516 0 Td
[(\020)-4(\t)-8(\023)-3(\020)-30(\255)-9(\013)-5(\t)2(\240\026)]TJ
-8.768 -1.2 Td
(\235)Tj
/Span<</ActualText<FEFF004C>>> BDC 
0.553 0 Td
(\030)Tj
EMC 
0.521 0 Td
[(\201\026\023)2(\n)-8(\240\026\023\026\214)-5(\017)-11(\n\026\267)-16(\232)-14(\267\026)]TJ
/Span<</ActualText<FEFF004D>>> BDC 
(\027)Tj
EMC 
7.559 0 Td
[(\002)2(\022)1(\022)-9(\017)-11(\n)2(\n)2(\002)2(\023)-1(\022)9(\263\026)]TJ
/Span<</ActualText<FEFF004D>>> BDC 
-8.632 -1.2 Td
(\027)Tj
EMC 
0.877 0 Td
[(\023)-4(\240)-10(\240)1(\002)-5(\017\026)]TJ
/Span<</ActualText<FEFF004C>>> BDC 
(\030)Tj
EMC 
3.059 0 Td
[(\023)-2(\273)-13(\017)-11(\021)2(\t)40(\201\026\247)6(\002\202)-7(\r\026)]TJ
/Span<</ActualText<FEFF0053>>> BDC 
(\032)Tj
EMC 
5.685 0 Td
[(\007)-10(\r)-7(\013)-12(\013)-8(\022\026)]TJ
/Span<</ActualText<FEFF0053>>> BDC 
-9.621 -1.2 Td
(\032)Tj
EMC 
0.529 0 Td
[(\020)-3(\021)-10(\240)-10(\017)-11(\n)-6(\020\026\023)2(\n)-8(\240\026)]TJ
/Span<</ActualText<FEFF0043>>> BDC 
(\034)Tj
EMC 
5.431 0 Td
[(\023)2(\006)1(\f\026)]TJ
/Span<</ActualText<FEFF0043>>> BDC 
(\034)Tj
EMC 
2.714 0 Td
[(\013)-7(\021)2(\n)2(\016\017)-12(\022)1(\022)-7(\013)-5(\t)-22(\263\026)]TJ
/Span<</ActualText<FEFF0043>>> BDC 
-8.673 -1.2 Td
(\034)Tj
EMC 
0.615 0 Td
[(\002)4(\n)-8(\240)-11(\004\026)]TJ
/Span<</ActualText<FEFF004D>>> BDC 
(\027)Tj
EMC 
2.883 0 Td
[(\007)2(\221)1(\023)2(\002)4(\t)40(\201\026\224)-6(\002)4(\t)-2(\017)-17(\007)-35(\020)2(\013)-5(\t\026\013\255\026)]TJ
-3.498 -1.2 Td
[(\247)4(\021)2(\006)-3(\023)2(\n\026\216\017)-8(\016\013)-7(\021)2(\t)1(\007\017)-8(\016\026\265\026\224)-15(\017)-11(\f)-8(\021)-7(\020)-38(\004\026)]TJ
/Span<</ActualText<FEFF00430045004F>>> BDC 
T*
[(\034)3(\033)16(\031)]TJ
EMC 
1.872 0 Td
(\201\026)Tj
/Span<</ActualText<FEFF0043>>> BDC 
(\034)Tj
EMC 
1.117 0 Td
[(\002)-4(\020)-38(\004\026\013\255\026)]TJ
/Span<</ActualText<FEFF0053>>> BDC 
(\032)Tj
EMC 
2.848 0 Td
[(\020)-4(\t)-8(\023)-3(\020)-30(\255)-9(\013)-5(\t)2(\240)]TJ
/T1_5 1 Tf
7.5 0 0 7.5 36 136.1848 Tm
[(\037)9(\036)-13(\035)-24(\034)-17(\033)-15(\035)-18(\036)-13(\032)-19(\031\030\004)-1(\024)-11(\025\030\001)18(\026)-11(\032)-12(\033)-14(\007)-18(\020\030\240)-22(\032)-64(\013)-19(\r)-20(\033)-15(\035\030\002)-6(\005\030\255)-23(\036)-23(\026)-11(\032)-11(\r)]TJ
/T1_1 1 Tf
14 0 0 14 167.25 646.7847 Tm
(\002\004\002\003)Tj
ET
q
0 0 585 765 re
W n
BT
0.428 0.433 0.443  scn
/GS0 gs
/T1_2 1 Tf
9 0 0 9 196.4256 646.7847 Tm
(\031)Tj
/Span<</ActualText<FEFF006D>>> BDC 
6.3 0 0 6.3 235.7801 646.7847 Tm
(\030)Tj
EMC 
(\032)Tj
/Span<</ActualText<FEFF00630063>>> BDC 
(\027\027)Tj
EMC 
/Span<</ActualText<FEFF0020>>> BDC 
9 0 0 9 253.3001 646.7847 Tm
(\031)Tj
EMC 
(\006\025\016)Tj
/Span<</ActualText<FEFF0064>>> BDC 
6.3 0 0 6.3 270.544 646.7847 Tm
(\001)Tj
EMC 
9 0 0 9 167.25 635.9847 Tm
(\026\021\006\025)Tj
/Span<</ActualText<FEFF0020>>> BDC 
(\031)Tj
EMC 
6.3 0 0 6.3 186.6447 635.9847 Tm
(\r)Tj
/Span<</ActualText<FEFF006D>>> BDC 
(\030)Tj
EMC 
ET
Q
BT
/T1_3 1 Tf
9 0 0 9 167.25 623.0247 Tm
(\013\035\032\035\034\031\036\031\032\027\030\221\024\021\031\030\024\002\\030\027\026\031\030\027\b\r\023\027\031\031)Tj
/T1_1 1 Tf
/Span<</ActualText<FEFF0059>>> BDC 
0 -1.44 TD
(\t)Tj
EMC 
(\035)Tj
/Span<</ActualText<FEFF0075>>> BDC 
(\030)Tj
EMC 
(\034\017\020\013)Tj
/Span<</ActualText<FEFF0069>>> BDC 
(\037)Tj
EMC 
(\021\017)Tj
/Span<</ActualText<FEFF0064>>> BDC 
(\r)Tj
EMC 
(\020)Tj
/Span<</ActualText<FEFF0059>>> BDC 
(\t)Tj
EMC 
(\035)Tj
/Span<</ActualText<FEFF0075>>> BDC 
(\030)Tj
EMC 
(\021\020)Tj
/Span<</ActualText<FEFF004E>>> BDC 
0 -1.2 TD
(\036)Tj
EMC 
(\017\006\020\031)Tj
/Span<</ActualText<FEFF0045004F>>> BDC 
(\017\035)Tj
EMC 
(\020\204\020)Tj
/Span<</ActualText<FEFF004E>>> BDC 
(\036)Tj
EMC 
(\035\006\020)Tj
/Span<</ActualText<FEFF0057>>> BDC 
(\006)Tj
EMC 
[(\013\033)70(\032\214)]TJ
/T1_4 1 Tf
8 0 0 8 167.25 586.7847 Tm
(\240\023\b\223\021\032\024\017\023\245\227\032)Tj
/T1_0 1 Tf
(\224\002\t\017\007\020\013\t\026\013\255\026)Tj
/Span<</ActualText<FEFF004F>>> BDC 
0 -1.2 TD
(\031)Tj
EMC 
(\f\017\t\023\020\002\013\n\016\201\026)Tj
/Span<</ActualText<FEFF0053004F004C0053>>> BDC 
(\032\031\030\032)Tj
EMC 
(\263\026)Tj
/T1_4 1 Tf
(\033\023\r\001\020\020\032\255\017\n\007\245\013\227)Tj
/T1_0 1 Tf
(\026)Tj
/Span<</ActualText<FEFF0043>>> BDC 
T*
(\034)Tj
EMC 
0.58 0 Td
(\013\n\016\021\022\020\023\n\020\201\026)Tj
/Span<</ActualText<FEFF0043>>> BDC 
(\034)Tj
EMC 
(\214)Tj
/Span<</ActualText<FEFF0053>>> BDC 
(\032)Tj
EMC 
(\026)Tj
/Span<</ActualText<FEFF0043>>> BDC 
(\034)Tj
EMC 
7.123 0 Td
(\013\n\016\021\022\020\023\n\020\016)Tj
/Span<</ActualText<FEFF0043>>> BDC 
9 0 0 9 167.25 553.1848 Tm
(\034)Tj
EMC 
0.614 0 Td
[(\r)-7(\013)-12(\013)1(\016)7(\002)4(\n)-2(\202\026\023\026\n)-8(\017)-14(\223\026)]TJ
/Span<</ActualText<FEFF00430045004F>>> BDC 
[(\034)3(\033)16(\031)]TJ
EMC 
[(\026\002)7(\016\026)]TJ
-0.614 -1.2 Td
[(\013)-5(\n\022)-9(\004\026\f)-5(\023)2(\t)-46(\020\026\013\255\026\020)-7(\r)-9(\017\026\f)-6(\t)1(\013)-14(\007\017)-8(\016)11(\016)-6(\036\026)]TJ
0 -1.2 TD
[(\003)62(\013\026\017)-11(\n)2(\016)5(\021)2(\t)-2(\017\026\023\026\022)-7(\013)-5(\n)-2(\202\026\020)-1(\017)-11(\t)-12(\006\026)]TJ
0 -1.2 TD
[(\f)-6(\t)1(\013)-14(\240)-1(\021)-8(\007)-35(\020)-4(\002)-3(\205)1(\017\026\t)-2(\017)-12(\022)-2(\023)-3(\020)-4(\002)-3(\013)-5(\n)2(\016)1(\r)2(\002)4(\f)8(\201\026\023)2(\n\026)]TJ
T*
[(\017)-11(\006)1(\f)-9(\022)-7(\013)2(\004)-8(\006)-9(\017)-11(\n)-6(\020\026\023)-1(\202)-3(\t)-2(\017)-17(\017)-11(\006)-9(\017)-11(\n)-6(\020)-21(\201\026\023\026)]TJ
T*
[(\007)-8(\022)-9(\017)-8(\023)2(\t\026\021)2(\n)-8(\240)-10(\017)-11(\t)-11(\016)-13(\020)-15(\023)2(\n)-8(\240)1(\002)4(\n)-2(\202\026\013\255\026\005)-14(\013)-2(\023)2(\t)2(\240\026)]TJ
T*
[(\205)-4(\016)-6(\036\026)]TJ
/Span<</ActualText<FEFF00430045004F>>> BDC 
[(\034)3(\033)16(\031)]TJ
EMC 
[(\026\t)2(\013)-8(\022)-9(\017)-8(\016)-8(\201\026\023)2(\n)-8(\240\026\006)-9(\017)-8(\023\016)5(\021)2(\t)-8(\023\005)-9(\022)-9(\017\026)]TJ
T*
[(\202\013)-2(\023)-1(\022)2(\016\026\255)-9(\013)-5(\t\026\020)-7(\r)-9(\017\026)]TJ
/Span<</ActualText<FEFF00430045004F>>> BDC 
[(\034)3(\033)16(\031)]TJ
EMC 
[(\026\006)-1(\021)2(\016)-13(\020\026\005)-17(\017\026\002)4(\n\026)]TJ
-0.002 Tc 0.002 Tw T*
[(\f)-11(\022)-4(\023)-6(\007)-2(\017)-10(\036)-2(\026)]TJ
/Span<</ActualText<FEFF0043>>> BDC 
2.695 0 Td
(\034)Tj
EMC 
0.6 0 Td
[(\013\205)-1(\017)-13(\t)-14(\002)2(\n)-4(\202)-2(\026)-2(\t)-4(\017)-10(\016)3(\f)-16(\013)-7(\n\016)5(\002\005)-7(\002\022\002)-6(\020)-6(\002)-7(\017)-10(\016)-2(\026)]TJ
0 Tc 0 Tw -3.296 -1.2 Td
[(\013\255\026\020)-8(\r)-9(\017\026\005)-14(\013)-2(\023)2(\t)2(\240\026\023\016\026\017)-11(\006)1(\f)-9(\022)-7(\013)2(\004)-2(\017)-11(\t)40(\201\026)]TJ
T*
[(\017)-11(\006)1(\f)-9(\022)-7(\013)2(\004)-8(\006)-9(\017)-11(\n)-6(\020\026\022)-9(\017)-12(\202)-3(\002)7(\016)2(\022)-2(\023)-3(\020)-4(\002)-3(\013)-5(\n\026\023)2(\n)-8(\240\026)]TJ
T*
[(\007)4(\013)-5(\006)1(\006)-8(\013)-5(\n\026\022)-2(\023)-2(\223\026\007)4(\013)-5(\n)2(\016)7(\002)-5(\240)-10(\017)-11(\t)-8(\023)-3(\020)-4(\002)-3(\013)-5(\n)2(\016)-8(\201\026)]TJ
T*
[(\023)2(\n)-8(\240\026\020)-4(\002)4(\f)-1(\016\026\013)-5(\n\026\f)-16(\017)-11(\t)-41(\255)-9(\013)-5(\t)-12(\006)-3(\023)2(\n)-8(\007\017\026)]TJ
-0.002 Tc 0.002 Tw T*
[(\f)-11(\022)-4(\023\n\n\002)2(\n)-4(\202)-2(\026)-2(\023\n)-10(\240)-2(\026)-2(\006)-5(\023\n)-4(\023)-3(\202)-6(\017)-13(\006)-11(\017)-13(\n)-8(\020)-23(\201)-2(\026)]TJ
0 Tc 0 Tw T*
[(\017)-8(\016)5(\f)-17(\017)-17(\007)-6(\002)2(\023)-1(\022)1(\022)-9(\004\026\240)-1(\021)2(\t)-12(\002)4(\n)-2(\202\026\020)-8(\r)-9(\017\026)5(\017)-10(\004\026\234)-12(\t)-11(\016)-13(\020\026)]TJ
T*
[(\004)-2(\017)-8(\023)2(\t\026\013\255\026\017)-11(\006)1(\f)-9(\022)-7(\013)2(\004)-8(\006)-9(\017)-11(\n)-6(\020)-21(\036)]TJ
/T1_5 1 Tf
7.5 0 0 7.5 167.25 382.1847 Tm
[(\037)9(\036)-13(\035)-24(\034)-17(\033)-15(\035)-18(\036)-13(\032)-19(\031\030\037)1(\b)-18(\026)-14(\016)-15(\r)-20(\033)-24(\021)-30(\021)-31(\033\030\n)-12(\024)-16(\204)-17(\217)-21(\026)-11(\032)-11(\r)-10(\007)-17(\036)-13(\035\020\030)]TJ
0 -1.44 TD
[(\004)-1(\024)-11(\035)-19(\t)-31(\007)-35(\021)-29(\036)-13(\035\030\002)-6(\005\030\255)-23(\036)-23(\026)-11(\032)-11(\r)]TJ
/T1_1 1 Tf
14 0 0 14 167.25 353.3847 Tm
(\002\004\002\002)Tj
ET
q
0 0 585 765 re
W n
BT
0.428 0.433 0.443  scn
/GS0 gs
/T1_2 1 Tf
9 0 0 9 193.9057 353.3847 Tm
(\031)Tj
/Span<</ActualText<FEFF00690063>>> BDC 
6.3 0 0 6.3 228.1699 353.3847 Tm
(\037\027)Tj
EMC 
(\032)Tj
/Span<</ActualText<FEFF0063>>> BDC 
(\027)Tj
EMC 
/Span<</ActualText<FEFF0020>>> BDC 
9 0 0 9 242.0486 353.3847 Tm
(\031)Tj
EMC 
6.3 0 0 6.3 244.2986 353.3847 Tm
(\035\033\215\034)Tj
/Span<</ActualText<FEFF0069>>> BDC 
(\037)Tj
EMC 
(\t\t\023)Tj
9 0 0 9 167.25 342.5847 Tm
(\026\021\006\025)Tj
/Span<</ActualText<FEFF0020>>> BDC 
(\031)Tj
EMC 
6.3 0 0 6.3 186.6447 342.5847 Tm
(\r)Tj
/Span<</ActualText<FEFF006D>>> BDC 
(\030)Tj
EMC 
ET
Q
BT
/T1_3 1 Tf
9 0 0 9 167.25 329.6247 Tm
(\204\032\024\003\021\031\f\034\031\030\022\r\033\021\f\033\032\034\030)Tj
0 -1.2 TD
[(\001\031\035\b\032\033\032\034\030\200)25(\024\036\036\024\032\023)]TJ
/T1_1 1 Tf
/Span<</ActualText<FEFF0041>>> BDC 
0 -1.44 TD
(\033)Tj
EMC 
(\021\032)Tj
/Span<</ActualText<FEFF006900630075006C>>> BDC 
(\037\031\030\027)Tj
EMC 
[(\033)70(\032)]TJ
/Span<</ActualText<FEFF0069>>> BDC 
(\037)Tj
EMC 
(\036\016\020)Tj
0 -1.2 TD
[(\024\032)70(\033\036)]TJ
/Span<</ActualText<FEFF0064>>> BDC 
(\r)Tj
EMC 
(\033\021)Tj
/Span<</ActualText<FEFF00640073>>> BDC 
(\r\024)Tj
EMC 
(\020)Tj
/Span<</ActualText<FEFF0066>>> BDC 
(\022)Tj
EMC 
(\035\021\020\004\002)Tj
ET
q
0 0 585 765 re
W n
BT
/T1_2 1 Tf
/Span<</ActualText<FEFF0073>>> BDC 
6.3 0 0 6.3 253.5854 295.0647 Tm
(\n)Tj
EMC 
(\032)Tj
ET
Q
BT
/T1_1 1 Tf
9 0 0 9 261.1011 295.0647 Tm
(\023)Tj
-10.428 -1.2 Td
(\031\017\036\032)Tj
/Span<</ActualText<FEFF0075>>> BDC 
(\030)Tj
EMC 
(\021\t\020)Tj
/Span<</ActualText<FEFF004B>>> BDC 
(\f)Tj
EMC 
(\036\035\006)Tj
/Span<</ActualText<FEFF006C>>> BDC 
(\027)Tj
EMC 
(\017)Tj
/Span<</ActualText<FEFF0064>>> BDC 
(\r)Tj
EMC 
(\016\017\023)Tj
T*
(\026)Tj
/Span<</ActualText<FEFF00750069006C00640069>>> BDC 
(\030\037\027\r\037)Tj
EMC 
(\036\016)Tj
/T1_4 1 Tf
8 0 0 8 167.25 260.9847 Tm
[(\240\023\204\001\032\220)110(\205\032\255\017\020\b\f\013\007\200\020\b)80(\227\032)]TJ
/T1_0 1 Tf
[(\235\t\013\255\017\016\016\013\t)80(\201\026)]TJ
/Span<</ActualText<FEFF0053>>> BDC 
T*
(\032)Tj
EMC 
(\007\r\013\013\022\026\013\255\026)Tj
/Span<</ActualText<FEFF004C>>> BDC 
(\030)Tj
EMC 
(\002\005\t\023\t\004\026\023\n\240\026\225\n\255\013\t\006\023\020\002\013\\n\026)Tj
/Span<</ActualText<FEFF0053>>> BDC 
T*
(\032)Tj
EMC 
(\007\002\017\n\007\017\201\026)Tj
/Span<</ActualText<FEFF0053>>> BDC 
(\032)Tj
EMC 
(\023\n\026\243\013\016\276\026)Tj
/Span<</ActualText<FEFF0053>>> BDC 
(\032)Tj
EMC 
(\020\023\020\017\026)Tj
/Span<</ActualText<FEFF0055>>> BDC 
T*
(\242)Tj
EMC 
(\n\002\205\017\t\016\002\020\004\263\026)Tj
/T1_4 1 Tf
[(\031)30(\023\b\017\021\032\247\017\020\007\200\021\204\r\227)]TJ
/T1_0 1 Tf
(\026)Tj
/Span<</ActualText<FEFF0041>>> BDC 
T*
(\035)Tj
EMC 
(\021\020\r\013\t\026\265\026)Tj
/Span<</ActualText<FEFF0045>>> BDC 
(\033)Tj
EMC 
(\240\021\007\023\020\002\013\n\026)Tj
/Span<</ActualText<FEFF0043>>> BDC 
(\034)Tj
EMC 
9.055 0 Td
(\013\n\016\021\022\020\023\n\020)Tj
-0.03 Tc 0.03 Tw /Span<</ActualText<FEFF0041>>> BDC 
9 0 0 9 167.25 208.1847 Tm
(\035)Tj
EMC 
0.587 0 Td
[(\016\026\223)-10(\017\026\007)4(\013)-5(\n)-6(\020)-4(\002)4(\n\021)-10(\017\026\020)-8(\r)-9(\017\026\226)-2(\013)-7(\021)2(\t)-12(\n)-8(\017)-10(\004)-30(\026)]TJ
-0.587 -1.2 Td
[(\020)2(\013)-5(\223)-5(\023)2(\t)2(\240\026\255)-14(\021\022)-6(\234)-13(\022)1(\022)2(\002)4(\n)-2(\202\026\020)-8(\r)-9(\017\026\205)-5(\002)7(\016)7(\002)-3(\013)-5(\n\026\013\255\026\020)-8(\r)-9(\017)-30(\026)]TJ
/Span<</ActualText<FEFF004C>>> BDC 
T*
(\030)Tj
EMC 
0.479 0 Td
[(\017)-8(\023)2(\t)-12(\n)2(\002)4(\n)-2(\202\026)]TJ
/Span<</ActualText<FEFF0043>>> BDC 
(\034)Tj
EMC 
3.72 0 Td
[(\013)-5(\006)1(\006)-8(\013)-5(\n)2(\016\026\002)4(\n\026\020)-8(\r)-9(\017\026\215)18(\220)25(\016)-13(\020)-30(\026)]TJ
/Span<</ActualText<FEFF0043>>> BDC 
-4.199 -1.2 Td
(\034)Tj
EMC 
0.573 0 Td
[(\017)-11(\n)-6(\020)-3(\021)2(\t)-48(\004)28(\201\026\002)-4(\020\026\002)7(\016\026\020)-4(\002)4(\006)-9(\017\026\020)2(\013\026\016)-13(\020)-15(\023)2(\t)-46(\020\026\007)-6(\t)-2(\017)-8(\023)-3(\020)-4(\002)4(\n)-2(\202)-30(\026)]TJ
-0.573 -1.2 Td
[(\020)-8(\r)-9(\017\026\016)-13(\020)-15(\023)2(\n)-8(\240)-3(\023)2(\t)2(\240)2(\016\026\020)-8(\r)-2(\023)-3(\020\026\223)-10(\002)2(\022)1(\022\026\022)-9(\017)-8(\023)-4(\240\026\020)2(\013)-30(\026)]TJ
T*
[(\023)-4(\007)-10(\r)2(\002)-5(\017)-8(\205)-5(\002)4(\n)-2(\202\026\020)-8(\r)-9(\017\026\205)-5(\002)7(\016)7(\002)-3(\013)-5(\n)-3(\036\026\246)-11(\n)-7(\013)-5(\223)-12(\022)-9(\017)-17(\240)-4(\202)-4(\017)-33(\200)]TJ
T*
[(\005)-8(\021)1(\002)2(\022)-8(\240)1(\002)4(\n)-2(\202\026\005)-5(\023\016\017)-17(\240\026\013)-5(\n\026\002)4(\n)-1(\255)-8(\013)-5(\t)-12(\006)-3(\023)-3(\020)-4(\002)-3(\013)-5(\n)-30(\026)]TJ
T*
[(\273)-3(\021)-10(\017)-11(\n)-8(\007)-35(\004)28(\201\026\020)-1(\017)-17(\007)-10(\r)1(\n)-7(\013)-8(\022)-7(\013)-5(\202)-3(\002)-3(\007)-16(\023)-1(\022\026\016)3()-8(\002)2(\022)1(\022)-4(\201)-30(\026)]TJ
T*
[(\240)-10(\017)-17(\017)-11(\f\026\021)2(\n)-8(\240)-10(\017)-11(\t)-11(\016)-13(\020)-15(\023)2(\n)-8(\240)1(\002)4(\n)-2(\202)-2(\201\026\013)-5(\n)-19(\200)-17(\202\013)-3(\002)4(\n)-2(\202)-30(\026)]TJ
T*
[(\023\016)11(\016\017)-8(\016)11(\016)5(\006)-9(\017)-11(\n)-6(\020)-21(\201\026\023)2(\n)-8(\240\026\006)-9(\017)-18(\020)-15(\023)-4(\007)4(\013)-5(\202)-3(\n)2(\002)-4(\020)-4(\002)-3(\205)1(\017)-30(\026)]TJ
T*
[(\t)-2(\017)-16(\273)-13(\017)-17(\007)-35(\020)-4(\002)-3(\013)-5(\n\026\223)-10(\002)2(\022)1(\022\026\255)-9(\013)-5(\t)-12(\006\026\020)-7(\r)-9(\017)-30(\026)]TJ
T*
[(\255)-9(\013)-7(\021)2(\n)-8(\240)-3(\023)-3(\020)-4(\002)-3(\013)-5(\n\026\013\255\026\007)4(\013)-5(\n)4(\205)1(\017)-11(\t)-11(\016)1(\023)-3(\020)-4(\002)-3(\013)-5(\n)2(\016\026\020)2(\013)-30(\026)]TJ
T*
[(\005)-8(\021)1(\002)2(\022)-8(\240\026\007)4(\013)-8(\022)1(\022)-2(\023\005)-14(\013)-5(\t)-8(\023)-3(\020)-4(\002)-3(\205)1(\017\026\002)4(\n)-6(\020)-1(\017)-12(\022)1(\022)2(\002\202)-4(\017)-11(\n)-8(\007\017)-30(\026)]TJ
T*
[(\023)2(\t)1(\013)-7(\021)2(\n)-8(\240\026\020)-8(\r)-9(\017\026\005)-17(\017)-11(\n)-8(\007)-10(\r)1(\006)-3(\023)2(\t)-14()-16(\016\026\020)-8(\r)-2(\023)-3(\020)-30(\026)]TJ
T*
[(\n)-8(\017)-17(\017)-17(\240\026\020)3(\013\026\005)-17(\017\026\240)-10(\017)-16(\234)-12(\n)-8(\017)-17(\240)-5(\036)]TJ
/T1_5 1 Tf
0 Tc 0 Tw 7.5 0 0 7.5 167.25 47.9847 Tm
[(\037)9(\036)-13(\035)-24(\034)-17(\033)-15(\035)-18(\036)-13(\032)-19(\031\030\017)-20(\016)-6(\007)-20(\026)-11(\035\030\235)1(\032)-28(\024)-9(\007)-19(\033)-7(\020\030\206)15(\026)-19(\021)-31(\033)-15(\032)-29(\b)-15(\036)-20(\036\030)]TJ
0.013 Tc -0.013 Tw 0 -1.44 TD
[(\n\033)-7(\t)-2(\024\036\035)13(\030)13(\240)25(\017)17(\255)]TJ
/T1_1 1 Tf
0 Tc 0 Tw 14 0 0 14 298.5 646.7847 Tm
(\002\004\002\004)Tj
ET
q
0 0 585 765 re
W n
BT
0.428 0.433 0.443  scn
/GS0 gs
/T1_2 1 Tf
9 0 0 9 326.6115 646.7847 Tm
(\031)Tj
/Span<</ActualText<FEFF00690063>>> BDC 
6.3 0 0 6.3 362.5635 646.7847 Tm
(\037\027)Tj
EMC 
(\032)Tj
/Span<</ActualText<FEFF0063>>> BDC 
(\027)Tj
EMC 
/Span<</ActualText<FEFF0020>>> BDC 
9 0 0 9 376.4422 646.7847 Tm
(\031)Tj
EMC 
6.3 0 0 6.3 378.6922 646.7847 Tm
(\003\002)Tj
/Span<</ActualText<FEFF006D>>> BDC 
(\030)Tj
EMC 
(\b\023\013)Tj
9 0 0 9 298.5 635.9847 Tm
(\026\021\006\025)Tj
/Span<</ActualText<FEFF0020>>> BDC 
(\031)Tj
EMC 
6.3 0 0 6.3 317.8947 635.9847 Tm
(\r)Tj
/Span<</ActualText<FEFF006D>>> BDC 
(\030)Tj
EMC 
ET
Q
BT
/T1_3 1 Tf
9 0 0 9 298.5 623.0247 Tm
(\216\033\034\033\027\035\021\030\025\b\031\023\031\b\017\035\027\033\024\\032)Tj
/T1_1 1 Tf
T*
(\r)Tj
/Span<</ActualText<FEFF0069>>> BDC 
(\037)Tj
EMC 
(\016)Tj
/Span<</ActualText<FEFF0069>>> BDC 
(\037)Tj
EMC 
[(\032)70(\033)]TJ
/Span<</ActualText<FEFF006C>>> BDC 
(\027)Tj
EMC 
(\020\025\021\017)Tj
/Span<</ActualText<FEFF0073>>> BDC 
(\024)Tj
EMC 
[(\017\021\034)50(\033)70(\032)]TJ
/Span<</ActualText<FEFF0069>>> BDC 
(\037)Tj
EMC 
(\035\036\020)Tj
/Span<</ActualText<FEFF004F0075>>> BDC 
0 -1.2 TD
(\035\030)Tj
EMC 
(\021\020)Tj
/Span<</ActualText<FEFF0057>>> BDC 
(\006)Tj
EMC 
[(\033)50(\t\217\020)]TJ
/Span<</ActualText<FEFF004F>>> BDC 
(\035)Tj
EMC 
[(\031\030\027)110()]TJ
/Span<</ActualText<FEFF0073>>> BDC 
(\024)Tj
EMC 
(\020)Tj
/Span<</ActualText<FEFF0054>>> BDC 
0 -1.2 TD
(\032)Tj
EMC 
(\021)Tj
/Span<</ActualText<FEFF00750073>>> BDC 
(\030\024)Tj
EMC 
(\032\017)Tj
/Span<</ActualText<FEFF0064>>> BDC 
(\r)Tj
EMC 
(\020\r)Tj
/Span<</ActualText<FEFF0069>>> BDC 
(\037)Tj
EMC 
(\016)Tj
/Span<</ActualText<FEFF0069>>> BDC 
(\037)Tj
EMC 
[(\032)70(\033)]TJ
/Span<</ActualText<FEFF006C>>> BDC 
(\027)Tj
EMC 
(\020)Tj
/Span<</ActualText<FEFF0052>>> BDC 
T*
(\021)Tj
EMC 
(\017)Tj
/Span<</ActualText<FEFF0070>>> BDC 
(\025)Tj
EMC 
(\035)Tj
/Span<</ActualText<FEFF00730069>>> BDC 
(\024\037)Tj
EMC 
(\032\035\021\t)Tj
/T1_4 1 Tf
8 0 0 8 298.5 565.1848 Tm
(\025\f\020\t\200\020\r\032\037\023\b\245\013\227\032)Tj
/T1_0 1 Tf
(\224\002\202\002\020\023\022\026)Tj
T*
(\235\t\017\016\017\t\205\023\020\002\013\n\026)Tj
/Span<</ActualText<FEFF004C>>> BDC 
(\030)Tj
EMC 
(\002\005\t\023\t\002\023\n\201\026)Tj
/Span<</ActualText<FEFF0053>>> BDC 
(\032)Tj
EMC 
(\007\r\013\022\023\t\016\026)Tj
T*
(\235\013\t\020\023\022\263\026)Tj
/T1_4 1 Tf
(\247\023\b\021\032\024\204\021\013\020\r)Tj
/T1_0 1 Tf
(\201\026\224\002\202\002\020\023\022\026)Tj
0 -1.2 TD
(\235\t\017\016\017\t\205\023\020\002\013\n\026)Tj
/Span<</ActualText<FEFF0041>>> BDC 
(\035)Tj
EMC 
(\016\016\002\016\020\023\n\020\263\026)Tj
/T1_4 1 Tf
(\036\n\b\204\023\r\r\020\032)Tj
0 -1.2 TD
(\025\f\020\204\r\202\023\r)Tj
/T1_0 1 Tf
(\201\026\224\002\202\002\020\023\022\026\235\t\017\016\017\t\205\023\020\\002\013\n\026)Tj
/Span<</ActualText<FEFF0041>>> BDC 
0 -1.2 TD
(\035)Tj
EMC 
(\016\016\002\016\020\023\n\020\263\026)Tj
/Span<</ActualText<FEFF0053>>> BDC 
(\032)Tj
EMC 
(\007\r\013\022\023\t\227\016\026\235\013\t\020\023\022)Tj
9 0 0 9 298.5 502.7847 Tm
[(\224)-6(\002)7(\016\007)-3(\021)3(\016)11(\016\026\020)-8(\r)-9(\017\026\f)-6(\t)1(\013)-14(\007\017)-8(\016)11(\016\026\005)-4(\004\026\223)-14(\r)2(\002)-3(\007)-10(\r\026)]TJ
/Span<</ActualText<FEFF0053>>> BDC 
0 -1.2 TD
(\032)Tj
EMC 
0.541 0 Td
[(\007)-10(\r)-7(\013)-8(\022)-2(\023)2(\t)-11(\016\026\235)1(\013)-5(\t)-46(\020)-15(\023)-1(\022\026\r)-2(\023\016\026\006)-8(\013)2(\205)1(\017)-17(\240\026)]TJ
-0.541 -1.2 Td
[(\020)2(\013)-5(\223)-5(\023)2(\t)2(\240\026\002)-4(\020)-17(\016\026\023)-4(\007)1(\007)-6(\t)-2(\017)-17(\240)1(\002)-4(\020)-15(\023)-3(\020)-4(\002)-3(\013)-5(\n\026\023\016\026)]TJ
T*
[(\023\026\003)64(\t)-14(\021)2(\016)-13(\020)-1(\017)-17(\240\026\224)-6(\002\202)-3(\002)-4(\020)-15(\023)-1(\022\026\216\017)-11(\f)-14(\013)1(\016)7(\002)-4(\020)2(\013)-5(\t)-48(\004\026)]TJ
T*
[(\016\017)-17(\017)-12()-8(\002)4(\n)-2(\202\026\020)2(\013\026\226)-2(\013)-3(\002)4(\n\026\020)-8(\r)-9(\017\026\t)-8(\023)2(\n)-16(\016\026\013\255\026)]TJ
T*
[(\013)-2(\020)-8(\r)-9(\017)-11(\t\026\223)-10(\017)-12(\022)1(\022)-18(\200)-17()-8(\n)-7(\013)-5(\223)-10(\n\026\t)-2(\017)-11(\f)-14(\013)1(\016)7(\002)-4(\020)2(\013)-5(\t)-12(\002)-5(\017)-8(\016\026)]TJ
T*
[(\016)5(\021)-8(\007)-10(\r\026\023\016\026\235)1(\013)-5(\t)-45(\020)-4(\002)-3(\007)4(\013\026\023)2(\n)-8(\240\026\247)1(\023)-3(\020)-8(\r)2(\002)-16(\003)64(\t)-14(\021)2(\016)-13(\020)-21(\036\026)]TJ
T*
[(\003)-15(\r)2(\002)7(\016\026\f)-6(\t)-2(\017)-7(\016\017)-11(\n)-6(\020)-15(\023)-3(\020)-4(\002)-3(\013)-5(\n\026\223)-10(\002)2(\022)1(\022\026\007\017)-11(\n)-6(\020)-1(\017)-11(\t\026)]TJ
T*
[(\023)2(\t)1(\013)-7(\021)2(\n)-8(\240\026\003)-3(\224\216\026\t)-2(\017)-15(\254)-3(\021)1(\002)4(\t)-2(\017)-11(\006)-9(\017)-11(\n)-6(\020)-17(\016\026)]TJ
T*
[(\023)2(\n)-8(\240\026\r)-7(\013)-5(\223\026)]TJ
/Span<</ActualText<FEFF0053>>> BDC 
(\032)Tj
EMC 
4.357 0 Td
[(\007)-10(\r)-7(\013)-8(\022)-2(\023)2(\t)-11(\016\026\235)1(\013)-5(\t)-46(\020)-15(\023)-1(\022\026)]TJ
-4.357 -1.2 Td
[(\r)-2(\023)-4(\240\026\007)-10(\r)-2(\023)2(\n)-2(\202)-4(\017)-17(\240\026\020)2(\013\026\006)-9(\017)-17(\017)-18(\020\026\020)-8(\r)-7(\013)2(\016\017\026)]TJ
T*
[(\t)-2(\017)-15(\254)-3(\021)1(\002)4(\t)-2(\017)-11(\006)-9(\017)-11(\n)-6(\020)-17(\016)-8(\201\026\020)-8(\r)1(\t)1(\013)-7(\021)-4(\202)-7(\r\026\005)-14(\013)-2(\020)-8(\r\026)]TJ
T*
[(\020)-8(\r)-9(\017\026\023)-4(\240)-7(\013)-5(\f)-9(\020)-4(\002)-3(\013)-5(\n\026\023)2(\n)-8(\240\026\t)-2(\017)-8(\226)-4(\017)-17(\007)-35(\020)-4(\002)-3(\013)-5(\n\026\013\255\026)]TJ
T*
[(\007)4(\013)-5(\006)1(\006)-8(\013)-5(\n\026\020)2(\013)-12(\013)-8(\022)2(\016\026\023)2(\n)-8(\240\026\f)-6(\t)1(\013)-2(\020)3(\013)-14(\007)4(\013)-8(\022)2(\016)-6(\036)]TJ
/T1_5 1 Tf
7.5 0 0 7.5 298.5 353.3847 Tm
[(\037)9(\036)-13(\035)-24(\034)-17(\033)-15(\035)-18(\036)-13(\032)-19(\031\030\003)-14(\026)-11(\032)-64(\013\030\037)1(\b)-18(\026)-11(\024)-11(\032)-12(\033\030\001)18(\026)-11(\035)-20(\r)-20(\033)-15(\035)-13(\f)-19(\016)-10(\032)-29(\t)-18(\020\030)]TJ
0.015 Tc -0.015 Tw 0 -1.44 TD
[(\237)-13(\016\033)-7(\033\035)5(\007)15(\030)15(\203)3(\035)2(\024)-5(\034)-2(\033\032)-26(\007)5(\024)-4(\021)-16(\013)]TJ
