q
0 0 585 765 re
W n
/CS0 CS 1 1 1  SCN
3 w 4 M 
/GS0 gs
q 1 0 0 1 -59.0977 36.1518 cm
0 0 m
8.582 84.338 0 84.383 v
-8.582 84.428 -18.508 92.26 -18.225 100 c
-17.942 107.74 -7.258 114.958 0 113.149 c
7.258 111.34 -9.435 204.411 0 204.501 c
15.898 204.654 16.016 215.878 15.538 221.86 c
14.818 237.34 -6.062 224.02 0 241.128 c
2.703 248.755 -2.695 328.06 -0.959 333.1 c
0.778 338.14 -18.683 327.7 -19.033 343.18 c
-19.382 358.66 -9.662 356.86 0 354.501 c
5.818 358.3 6.062 450.294 0 448.577 c
-6.062 446.86 -18.302 445.78 -15.345 461.26 c
-12.722 477.82 -5.278 467.183 0 472.501 c
5.278 477.82 -6.178 547.506 0 555.503 c
6.178 563.5 13.378 554.5 14.098 569.62 c
13.738 585.82 6.062 574.862 0 582.141 c
-6.062 589.42 0 638.16 y
S
Q
q 1 0 0 1 -160.5977 674.3451 cm
0 0 m
8.582 -84.338 0 -84.383 v
-8.582 -84.428 -18.508 -92.26 -18.225 -100 c
-17.942 -107.74 -7.258 -114.958 0 -113.149 c
7.258 -111.34 -9.435 -204.411 0 -204.501 c
15.898 -204.654 16.016 -215.878 15.538 -221.86 c
14.818 -237.34 -6.062 -224.02 0 -241.128 c
2.703 -248.755 -2.695 -328.06 -0.959 -333.1 c
0.778 -338.14 -18.683 -327.7 -19.033 -343.18 c
-19.382 -358.66 -9.662 -356.86 0 -354.501 c
5.818 -358.3 6.062 -450.294 0 -448.577 c
-6.062 -446.86 -18.302 -445.78 -15.345 -461.26 c
-12.722 -477.82 -5.278 -467.183 0 -472.501 c
5.278 -477.82 -6.178 -547.506 0 -555.503 c
6.178 -563.5 13.378 -554.5 14.098 -569.62 c
13.738 -585.82 6.062 -574.862 0 -582.141 c
-6.062 -589.42 0 -638.16 y
S
Q
q 1 0 0 1 -251.4777 674.3451 cm
0 0 m
-8.582 -84.338 0 -84.383 v
8.582 -84.428 18.508 -92.26 18.225 -100 c
17.942 -107.74 7.258 -114.958 0 -113.149 c
-7.258 -111.34 9.435 -204.411 0 -204.501 c
-15.898 -204.654 -16.016 -215.878 -15.538 -221.86 c
-14.818 -237.34 6.062 -224.02 0 -241.128 c
-2.703 -248.755 2.695 -328.06 0.959 -333.1 c
-0.778 -338.14 18.683 -327.7 19.033 -343.18 c
19.382 -358.66 9.662 -356.86 0 -354.501 c
-5.818 -358.3 -6.062 -450.294 0 -448.577 c
6.062 -446.86 18.302 -445.78 15.345 -461.26 c
12.722 -477.82 5.278 -467.183 0 -472.501 c
-5.278 -477.82 6.178 -547.506 0 -555.503 c
-6.178 -563.5 -13.378 -554.5 -14.098 -569.62 c
-13.738 -585.82 -6.062 -574.862 0 -582.141 c
6.062 -589.42 0 -638.16 y
S
Q
q 1 0 0 1 -357.9777 36.1518 cm
0 0 m
-8.582 84.338 0 84.383 v
8.582 84.428 18.508 92.26 18.225 100 c
17.942 107.74 7.258 114.958 0 113.149 c
-7.258 111.34 9.435 204.411 0 204.501 c
-15.898 204.654 -16.016 215.878 -15.538 221.86 c
-14.818 237.34 6.062 224.02 0 241.128 c
-2.703 248.755 2.695 328.06 0.959 333.1 c
-0.778 338.14 18.683 327.7 19.033 343.18 c
19.382 358.66 9.662 356.86 0 354.501 c
-5.818 358.3 -6.062 450.294 0 448.577 c
6.062 446.86 18.302 445.78 15.345 461.26 c
12.722 477.82 5.278 467.183 0 472.501 c
-5.278 477.82 6.178 547.506 0 555.503 c
-6.178 563.5 -13.378 554.5 -14.098 569.62 c
-13.738 585.82 -6.062 574.862 0 582.141 c
6.062 589.42 0 638.16 y
S
Q
q 1 0 0 1 -437.0977 36.1518 cm
0 0 m
8.582 84.338 0 84.383 v
-8.582 84.428 -18.508 92.26 -18.225 100 c
-17.942 107.74 -7.258 114.958 0 113.149 c
7.258 111.34 -9.435 204.411 0 204.501 c
15.898 204.654 16.016 215.878 15.538 221.86 c
14.818 237.34 -6.062 224.02 0 241.128 c
2.703 248.755 -2.695 328.06 -0.959 333.1 c
0.778 338.14 -18.683 327.7 -19.033 343.18 c
-19.382 358.66 -9.662 356.86 0 354.501 c
5.818 358.3 6.062 450.294 0 448.577 c
-6.062 446.86 -18.302 445.78 -15.345 461.26 c
-12.722 477.82 -5.278 467.183 0 472.501 c
5.278 477.82 -6.178 547.506 0 555.503 c
6.178 563.5 13.378 554.5 14.098 569.62 c
13.738 585.82 6.062 574.862 0 582.141 c
-6.062 589.42 0 638.16 y
S
Q
q 1 0 0 1 -520.9777 36.1518 cm
0 0 m
-8.582 84.338 0 84.383 v
8.582 84.428 18.508 92.26 18.225 100 c
17.942 107.74 7.258 114.958 0 113.149 c
-7.258 111.34 9.435 204.411 0 204.501 c
-15.898 204.654 -16.016 215.878 -15.538 221.86 c
-14.818 237.34 6.062 224.02 0 241.128 c
-2.703 248.755 2.695 328.06 0.959 333.1 c
-0.778 338.14 18.683 327.7 19.033 343.18 c
19.382 358.66 9.662 356.86 0 354.501 c
-5.818 358.3 -6.062 450.294 0 448.577 c
6.062 446.86 18.302 445.78 15.345 461.26 c
12.722 477.82 5.278 467.183 0 472.501 c
-5.278 477.82 6.178 547.506 0 555.503 c
-6.178 563.5 -13.378 554.5 -14.098 569.62 c
-13.738 585.82 -6.062 574.862 0 582.141 c
6.062 589.42 0 638.16 y
S
Q
q 1 0 0 1 -638.3451 546.5032 cm
0 0 m
84.338 8.582 84.383 0 v
84.428 -8.582 92.26 -18.508 100 -18.225 c
107.74 -17.942 114.958 -7.258 113.149 0 c
111.34 7.258 204.411 -9.435 204.501 0 c
204.654 15.898 215.878 16.016 221.86 15.538 c
237.34 14.818 224.02 -6.062 241.128 0 c
248.755 2.703 328.06 -2.695 333.1 -0.959 c
338.14 0.778 327.7 -18.683 343.18 -19.033 c
358.66 -19.382 356.86 -9.662 354.501 0 c
358.3 5.818 450.294 6.062 448.577 0 c
446.86 -6.062 445.78 -18.302 461.26 -15.345 c
477.82 -12.722 467.183 -5.278 472.501 0 c
477.82 5.278 547.506 -6.178 555.503 0 c
563.5 6.178 554.5 13.378 569.62 14.098 c
585.82 13.738 574.862 6.062 582.141 0 c
589.42 -6.062 638.16 0 y
S
Q
q 1 0 0 1 -0.1518 438.5032 cm
0 0 m
-84.338 8.582 -84.383 0 v
-84.428 -8.582 -92.26 -18.508 -100 -18.225 c
-107.74 -17.942 -114.958 -7.258 -113.149 0 c
-111.34 7.258 -204.411 -9.435 -204.501 0 c
-204.654 15.898 -215.878 16.016 -221.86 15.538 c
-237.34 14.818 -224.02 -6.062 -241.128 0 c
-248.755 2.703 -328.06 -2.695 -333.1 -0.959 c
-338.14 0.778 -327.7 -18.683 -343.18 -19.033 c
-358.66 -19.382 -356.86 -9.662 -354.501 0 c
-358.3 5.818 -450.294 6.062 -448.577 0 c
-446.86 -6.062 -445.78 -18.302 -461.26 -15.345 c
-477.82 -12.722 -467.183 -5.278 -472.501 0 c
-477.82 5.278 -547.506 -6.178 -555.503 0 c
-563.5 6.178 -554.5 13.378 -569.62 14.098 c
-585.82 13.738 -574.862 6.062 -582.141 0 c
-589.42 -6.062 -638.16 0 y
S
Q
q 1 0 0 1 -0.1518 313.1232 cm
0 0 m
-84.338 -8.582 -84.383 0 v
-84.428 8.582 -92.26 18.508 -100 18.225 c
-107.74 17.942 -114.958 7.258 -113.149 0 c
-111.34 -7.258 -204.411 9.435 -204.501 0 c
-204.654 -15.898 -215.878 -16.016 -221.86 -15.538 c
-237.34 -14.818 -224.02 6.062 -241.128 0 c
-248.755 -2.703 -328.06 2.695 -333.1 0.959 c
-338.14 -0.778 -327.7 18.683 -343.18 19.033 c
-358.66 19.382 -356.86 9.662 -354.501 0 c
-358.3 -5.818 -450.294 -6.062 -448.577 0 c
-446.86 6.062 -445.78 18.302 -461.26 15.345 c
-477.82 12.722 -467.183 5.278 -472.501 0 c
-477.82 -5.278 -547.506 6.178 -555.503 0 c
-563.5 -6.178 -554.5 -13.378 -569.62 -14.098 c
-585.82 -13.738 -574.862 -6.062 -582.141 0 c
-589.42 6.062 -638.16 0 y
S
Q
q 1 0 0 1 -0.1518 195.7914 cm
0 0 m
-84.338 8.582 -84.383 0 v
-84.428 -8.582 -92.26 -18.508 -100 -18.225 c
-107.74 -17.942 -114.958 -7.258 -113.149 0 c
-111.34 7.258 -204.411 -9.435 -204.501 0 c
-204.654 15.898 -215.878 16.016 -221.86 15.538 c
-237.34 14.818 -224.02 -6.062 -241.128 0 c
-248.755 2.703 -328.06 -2.695 -333.1 -0.959 c
-338.14 0.778 -327.7 -18.683 -343.18 -19.033 c
-358.66 -19.382 -356.86 -9.662 -354.501 0 c
-358.3 5.818 -450.294 6.062 -448.577 0 c
-446.86 -6.062 -445.78 -18.302 -461.26 -15.345 c
-477.82 -12.722 -467.183 -5.278 -472.501 0 c
-477.82 5.278 -547.506 -6.178 -555.503 0 c
-563.5 6.178 -554.5 13.378 -569.62 14.098 c
-585.82 13.738 -574.862 6.062 -582.141 0 c
-589.42 -6.062 -638.16 0 y
S
Q
q 1 0 0 1 -638.3451 84.4527 cm
0 0 m
84.338 8.582 84.383 0 v
84.428 -8.582 92.26 -18.508 100 -18.225 c
107.74 -17.942 114.958 -7.258 113.149 0 c
111.34 7.258 204.411 -9.435 204.501 0 c
204.654 15.898 215.878 16.016 221.86 15.538 c
237.34 14.818 224.02 -6.062 241.128 0 c
248.755 2.703 328.06 -2.695 333.1 -0.959 c
338.14 0.778 327.7 -18.683 343.18 -19.033 c
358.66 -19.382 356.86 -9.662 354.501 0 c
358.3 5.818 450.294 6.062 448.577 0 c
446.86 -6.062 445.78 -18.302 461.26 -15.345 c
477.82 -12.722 467.183 -5.278 472.501 0 c
477.82 5.278 547.506 -6.178 555.503 0 c
563.5 6.178 554.5 13.378 569.62 14.098 c
585.82 13.738 574.862 6.062 582.141 0 c
589.42 -6.062 638.16 0 y
S
Q
/PlacedGraphic /MC0 BDC 
Q
/CS0 cs 0.69 0.764 0.897  scn
/GS0 gs
q 1 0 0 1 432.639 687.6009 cm
0 0 m
-0.105 0.203 l
h
f
Q
q
0 672.39 585 92.61 re
W n
q 1 0 0 1 445.7224 688.6617 cm
0 0 m
-0.046 -0.116 -0.095 -0.231 -0.147 -0.344 c
-0.098 -0.229 -0.046 -0.118 0 0 c
f
Q
q 1 0 0 1 446.0919 689.9094 cm
0 0 m
-0.071 -0.339 -0.164 -0.671 -0.278 -0.993 c
-0.168 -0.669 -0.071 -0.339 0 0 c
f
Q
0.475 0.494 0.739  scn
q 1 0 0 1 61.6851 743.4388 cm
0 0 m
10.834 0 l
0.001 0 l
h
f
Q
q 1 0 0 1 11.7162 743.4388 cm
0 0 m
11.746 0 l
h
f
Q
1 1 1  scn
q 1 0 0 1 53.2585 743.4388 cm
0 0 m
-29.796 0 l
8.427 0 l
8.427 0 l
h
f
Q
0.475 0.494 0.739  scn
q 1 0 0 1 444.7736 695.8283 cm
0 0 m
0.112 -0.15 0.219 -0.302 0.32 -0.461 c
0.219 -0.302 0.112 -0.15 0 0 c
f
Q
q 1 0 0 1 445.102 695.3544 cm
0 0 m
0.278 -0.436 0.51 -0.903 0.694 -1.395 c
0.51 -0.903 0.278 -0.436 0 0 c
f
Q
q 1 0 0 1 431.85 689.4577 cm
0 0 m
0.162 -0.582 0.395 -1.136 0.684 -1.654 c
0.393 -1.136 0.161 -0.583 0 0 c
f
Q
q 1 0 0 1 431.8108 689.6376 cm
0 0 m
-0.056 0.237 -0.113 0.473 -0.149 0.719 c
-0.113 0.473 -0.058 0.235 0 0 c
f
Q
q 1 0 0 1 431.6109 691.9922 cm
0 0 m
0.009 0.107 0.025 0.211 0.038 0.315 c
0.025 0.211 0.009 0.107 0 0 c
f
Q
q 1 0 0 1 445.8605 693.7849 cm
0 0 m
0.038 -0.113 0.072 -0.226 0.103 -0.342 c
0.072 -0.226 0.038 -0.113 0 0 c
f
Q
q 1 0 0 1 431.8138 693.2076 cm
0 0 m
0.043 0.16 0.085 0.321 0.136 0.477 c
0.085 0.321 0.043 0.159 0 0 c
f
Q
q 1 0 0 1 446.2114 690.6407 cm
0 0 m
-0.027 -0.246 -0.072 -0.485 -0.119 -0.722 c
-0.072 -0.485 -0.031 -0.244 0 0 c
f
Q
q 1 0 0 1 446.184 692.409 cm
0 0 m
0.032 -0.24 l
h
f
Q
q 1 0 0 1 431.6912 692.6243 cm
0 0 m
0.026 0.141 0.053 0.278 0.084 0.415 c
0.053 0.278 0.026 0.141 0 0 c
f
Q
q 1 0 0 1 446.0527 693.124 cm
0 0 m
0.021 -0.1 0.045 -0.197 0.064 -0.298 c
0.045 -0.197 0.021 -0.1 0 0 c
f
Q
1 1 1  scn
q 1 0 0 1 444.2258 696.4786 cm
0 0 m
-0.576 0.606 -1.251 1.115 -2 1.497 c
-1.251 1.115 -0.576 0.606 0 0 c
f
Q
q 1 0 0 1 444.2296 696.4758 cm
0 0 m
0.192 -0.205 0.371 -0.419 0.543 -0.643 c
0.371 -0.419 0.192 -0.205 0 0 c
f
Q
q 1 0 0 1 439.9104 698.6945 cm
0 0 m
0.195 -0.026 0.384 -0.058 0.574 -0.1 c
0.384 -0.058 0.195 -0.026 0 0 c
f
Q
q 1 0 0 1 441.504 698.2928 cm
0 0 m
0.216 -0.083 0.427 -0.174 0.632 -0.275 c
0.427 -0.174 0.216 -0.083 0 0 c
f
Q
q 1 0 0 1 434.0111 696.8696 cm
0 0 m
-0.221 -0.202 -0.432 -0.417 -0.627 -0.645 c
-0.432 -0.417 -0.222 -0.202 0 0 c
f
Q
q 1 0 0 1 440.7386 698.5341 cm
0 0 m
0.188 -0.049 0.374 -0.105 0.559 -0.168 c
0.374 -0.104 0.188 -0.051 0 0 c
f
Q
q 1 0 0 1 434.6198 697.3644 cm
0 0 m
0.089 0.067 0.178 0.128 0.272 0.192 c
0.181 0.128 0.089 0.067 0 0 c
f
Q
q 1 0 0 1 435.1735 697.7305 cm
0 0 m
0.257 0.151 l
h
f
Q
q 1 0 0 1 435.84 698.0851 cm
0 0 m
0.208 0.096 l
h
f
Q
q 1 0 0 1 433.0261 695.7776 cm
0 0 m
0.09 0.122 0.182 0.243 0.278 0.359 c
0.182 0.243 0.09 0.122 0 0 c
f
Q
q 1 0 0 1 431.9598 693.7087 cm
0 0 m
0.169 0.517 0.393 1.008 0.666 1.467 c
0.395 1.008 0.169 0.517 0 0 c
f
Q
q 1 0 0 1 432.6811 695.2661 cm
0 0 m
0.082 0.133 0.166 0.261 0.257 0.388 c
0.166 0.261 0.079 0.132 0 0 c
f
Q
q 1 0 0 1 434.1121 696.9624 cm
0 0 m
0.092 0.081 0.187 0.156 0.284 0.231 c
0.187 0.156 0.092 0.081 0 0 c
f
Q
q 1 0 0 1 436.5917 698.3892 cm
0 0 m
0.219 0.066 l
h
f
Q
q 1 0 0 1 437.9335 698.6987 cm
0 0 m
0.215 0.029 l
h
f
Q
q 1 0 0 1 438.8332 698.769 cm
0 0 m
0.282 0.005 0.56 -0.012 0.833 -0.04 c
0.56 -0.012 0.282 0.005 0 0 c
f
Q
q 1 0 0 1 437.2396 698.5705 cm
0 0 m
0.236 0.052 l
h
f
Q
0.69 0.764 0.897  scn
q 1 0 0 1 209.1782 719.8866 cm
0 0 m
-3.485 0 l
-3.485 8.373 l
1.662 8.373 l
0.83 7.786 0.312 7.307 y
-0.682 4.094 -0.635 1.736 0 0 c
f
Q
179.634 743.439 38.967 -12.062 re
f
q 1 0 0 1 191.2737 710.6859 cm
0 0 m
0.399 1.191 0.353 2.685 v
6.968 2.685 l
7.088 -2.868 l
8.555 -2.837 l
8.114 17.574 l
10.878 17.574 l
10.878 2.734 l
14.419 2.734 l
14.419 5.919 l
20.64 5.919 l
23.527 4.157 27.327 4.442 y
27.327 -23.085 l
-11.64 -23.085 l
-11.64 -4.343 l
-1.518 -8.928 0 0 v
f
Q
q 1 0 0 1 198.204 715.1278 cm
0 0 m
-6.862 0 l
-7.659 2.555 -10.405 5.036 -18.57 3.812 c
-18.57 13.132 l
-0.283 13.132 l
0 0 l
f
Q
0.475 0.494 0.739  scn
q 1 0 0 1 210.8404 728.2601 cm
0 0 m
-5.147 0 l
-5.147 1.723 l
-8.689 1.723 l
-8.689 0 l
-11.452 0 l
-11.476 1.069 l
-12.942 1.039 l
-12.92 0 l
-31.206 0 l
-31.206 3.117 l
7.76 3.117 l
7.76 1.675 l
5.001 3.013 1.776 1.257 0 0 c
f
Q
q 1 0 0 1 205.6929 719.8867 cm
0 0 m
-3.541 0 l
-3.541 -3.282 l
0 -3.282 l
0 -6.467 l
-3.541 -6.467 l
-3.541 8.373 l
0 8.373 l
h
f
Q
205.693 728.26 -3.541 1.723 re
f
q 1 0 0 1 209.1782 719.8866 cm
0 0 m
0.557 -1.529 1.572 -2.572 2.735 -3.282 c
-3.485 -3.282 l
-3.485 0 l
0 0 l
f
Q
202.152 719.887 3.541 -3.282 re
f
q 1 0 0 1 198.8636 715.1278 cm
0 0 m
-0.66 0 l
-0.943 13.132 l
0.524 13.132 l
0.965 -7.279 l
-0.502 -7.31 l
-0.622 -1.757 l
0 -1.757 l
h
f
Q
q 1 0 0 1 197.8982 729.2986 cm
0 0 m
1.466 0.031 l
1.49 -1.038 l
0.023 -1.038 l
h
f
Q
q 1 0 0 1 198.2412 713.3705 cm
0 0 m
-6.615 0 l
-6.632 0.559 -6.713 1.161 -6.899 1.757 c
-0.037 1.757 l
0 0 l
f
Q
q 1 0 0 1 198.8636 715.1278 cm
0 0 m
0 -1.757 l
-0.622 -1.757 l
-0.66 0 l
h
f
Q
0.69 0.764 0.897  scn
q 1 0 0 1 320.9311 719.8556 cm
0 0 m
0 -3.187 1.529 -6.024 3.914 -7.862 c
3.834 -7.994 3.75 -8.122 3.662 -8.248 c
1.238 -6.387 -0.314 -3.543 -0.314 -0.35 c
-0.314 0.373 -0.226 1.074 -0.074 1.754 c
0.148 1.69 l
0.051 1.14 0 0.577 0 0 c
f
Q
q 1 0 0 1 315.9454 719.7144 cm
0 0 m
1.517 1.475 l
1.695 1.645 1.893 1.774 2.103 1.872 c
1.985 1.193 1.91 0.502 1.91 -0.209 c
1.91 -4.133 3.771 -7.639 6.696 -9.981 c
4.372 -11.615 1.517 -12.287 y
1.517 -32.114 l
-50.032 -32.114 l
-50.032 -20.331 l
-48.765 -17.876 -48.046 -15.109 -48.046 -12.176 c
-48.046 -11.946 -48.055 -11.719 -48.064 -11.493 c
2.556 -6.842 l
2.128 -2.438 l
-42.477 -6.536 l
-41.918 -5.64 -41.528 -4.438 -41.429 -2.829 c
-40.165 4.937 -50.032 3.709 v
-50.032 8.546 l
-41.167 8.546 l
-40.361 5.174 -37.259 2.66 -33.542 2.66 c
-29.215 2.66 -25.707 6.066 -25.707 10.269 c
-25.707 14.473 -29.215 17.879 -33.542 17.879 c
-37.379 17.879 -40.565 15.2 -41.24 11.663 c
-50.032 11.663 l
-50.032 23.724 l
1.149 23.724 l
9.282 14.927 0 0 y
f
Q
0.475 0.494 0.739  scn
q 1 0 0 1 274.7057 731.377 cm
0 0 m
-0.086 -0.452 -0.137 -0.916 -0.137 -1.394 c
-0.137 -1.987 -0.06 -2.563 0.073 -3.117 c
-8.792 -3.117 l
-8.792 0 l
0 0 l
f
Q
1 1 1  scn
q 1 0 0 1 317.8556 719.5053 cm
0 0 m
0 0.711 0.074 1.402 0.193 2.081 c
1.071 2.493 2.178 2.334 3.001 2.104 c
2.849 1.425 2.762 0.723 2.762 0 c
2.762 -3.193 4.313 -6.037 6.737 -7.897 c
6.213 -8.627 5.529 -9.25 4.786 -9.772 c
1.861 -7.43 0 -3.924 0 0 c
f
Q
0.475 0.494 0.739  scn
q 1 0 0 1 273.4688 713.1782 cm
0 0 m
44.604 4.098 l
45.033 -0.306 l
-5.588 -4.957 l
-5.62 -4.102 -5.721 -3.265 -5.871 -2.443 c
-4.13 -2.59 -1.471 -2.361 0 0 c
f
Q
q 1 0 0 1 324.8447 711.9932 cm
0 0 m
-2.385 1.838 -3.914 4.676 -3.914 7.862 c
-3.914 8.439 -3.863 9.002 -3.766 9.552 c
-3.211 9.378 -2.829 9.196 y
1.157 5.132 1.292 2.139 0 0 c
f
Q
q 1 0 0 1 282.4034 722.3738 cm
0 0 m
-3.717 0 -6.819 2.515 -7.625 5.886 c
-4.092 5.886 l
-4.092 9.003 l
-7.698 9.003 l
-7.023 12.54 -3.837 15.219 0 15.219 c
4.327 15.219 7.835 11.813 7.835 7.61 c
7.835 3.406 4.327 0 0 0 c
f
Q
q 1 0 0 1 274.7057 731.377 cm
0 0 m
3.606 0 l
3.606 -3.117 l
0.073 -3.117 l
-0.06 -2.563 -0.137 -1.987 -0.137 -1.393 c
-0.137 -0.916 -0.086 -0.452 0 0 c
f
Q
q 1 0 0 1 267.8813 708.2213 cm
0 0 m
0.009 -0.226 0.018 -0.453 0.018 -0.682 c
0.018 -3.616 -0.701 -6.383 -1.968 -8.838 c
-1.968 -0.18 l
0 0 l
f
Q
q 1 0 0 1 265.9132 711.0218 cm
0 0 m
0.694 -0.204 1.685 -0.287 v
1.835 -1.108 1.936 -1.945 1.968 -2.801 c
0 -2.98 l
0 0 l
f
Q
0.69 0.764 0.897  scn
q 1 0 0 1 258.7046 700.9283 cm
0 0 m
-4.292 3.372 l
-5.397 1.678 -7.341 0.55 -9.56 0.55 c
-13.004 0.55 -15.798 3.263 -15.798 6.61 c
-15.798 9.956 -13.004 12.671 -9.56 12.671 c
-6.112 12.671 -3.32 9.956 -3.32 6.61 c
-3.32 6.358 -3.341 6.111 -3.372 5.87 c
1.621 1.945 l
h
2.636 6.61 m
2.636 13.15 -2.825 18.454 -9.56 18.454 c
-16.294 18.454 -21.754 13.15 -21.754 6.61 c
-21.754 0.069 -16.294 -5.235 -9.56 -5.235 c
-2.825 -5.235 2.636 0.069 2.636 6.61 c
f
Q
q 1 0 0 1 209.4898 727.1933 cm
0 0 m
0.518 0.48 1.351 1.067 v
17.074 1.067 l
18.418 -2.52 21.951 -5.088 26.109 -5.088 c
27.131 -5.088 28.114 -4.931 29.038 -4.642 c
27.885 -5.415 26.823 -6.309 25.874 -7.307 c
-0.312 -7.307 l
-0.947 -5.57 -0.994 -3.213 0 0 c
f
Q
q 1 0 0 1 245.2174 731.377 cm
0 0 m
0.005 0.076 l
0.005 5.237 -4.304 9.422 -9.619 9.422 c
-14.932 9.422 -19.241 5.237 -19.241 0.076 c
-19.238 0 l
-26.617 0 l
-26.617 12.062 l
20.696 12.062 l
20.696 0 l
0 0 l
f
Q
q 1 0 0 1 249.1447 725.7519 cm
0 0 m
-2.616 0 -5.106 -0.522 -7.368 -1.462 c
-6.084 -0.417 -5.096 0.95 -4.511 2.508 c
16.769 2.508 l
16.769 -2.329 l
26.636 -1.1 25.372 -8.866 y
25.273 -10.476 24.883 -11.677 24.324 -12.574 c
18.015 -13.153 l
15.757 -5.558 8.549 0 0 0 c
f
Q
q 1 0 0 1 211.9136 716.6047 cm
0 0 m
20.97 0 l
19.388 -2.67 18.479 -5.765 18.479 -9.066 c
18.479 -19.124 26.876 -27.279 37.231 -27.279 c
44.57 -27.279 50.919 -23.183 54 -17.222 c
54 -29.004 l
31.103 -29.004 l
33.418 -30.351 34.91 -32.916 34.738 -35.787 c
34.497 -39.851 31.02 -42.961 26.973 -42.734 c
22.928 -42.506 19.845 -39.028 20.087 -34.963 c
20.241 -32.382 21.707 -30.204 23.785 -29.004 c
6.687 -29.004 l
6.687 -1.477 l
2.887 -1.762 0 0 v
f
Q
0.475 0.494 0.739  scn
q 1 0 0 1 210.8404 728.2601 cm
0 0 m
1.776 1.257 5.001 3.013 7.76 1.675 c
7.76 3.117 l
15.139 3.117 l
15.147 2.021 15.357 0.975 15.724 0 c
0 0 l
f
Q
q 1 0 0 1 245.2174 731.377 cm
0 0 m
20.696 0 l
20.696 -3.117 l
-0.584 -3.117 l
-0.218 -2.142 -0.009 -1.096 0 0 c
f
Q
q 1 0 0 1 209.1782 719.8866 cm
0 0 m
26.185 0 l
25.239 -0.997 24.407 -2.097 23.706 -3.282 c
2.735 -3.282 l
1.572 -2.572 0.557 -1.529 0 0 c
f
Q
q 1 0 0 1 255.333 706.7979 cm
0 0 m
4.993 -3.924 l
3.372 -5.87 l
-0.92 -2.498 l
-0.437 -1.759 -0.114 -0.912 0 0 c
f
Q
q 1 0 0 1 267.598 710.7347 cm
0 0 m
-0.115 0.632 -0.257 1.255 -0.438 1.864 c
5.871 2.443 l
4.4 0.083 1.741 -0.147 0 0 c
f
Q
q 1 0 0 1 226.5641 728.2601 cm
0 0 m
4.377 0 l
5.394 -1.487 7.099 -2.465 9.035 -2.465 c
10.969 -2.465 12.676 -1.487 13.693 0 c
18.069 0 l
17.485 -1.558 16.496 -2.925 15.212 -3.97 c
14.065 -4.446 12.979 -5.032 11.964 -5.709 c
11.04 -5.997 10.057 -6.154 9.035 -6.154 c
4.877 -6.154 1.344 -3.587 0 0 c
f
Q
q 1 0 0 1 241.2411 731.4517 cm
0 0 m
0 3.125 -2.526 5.658 -5.642 5.658 c
-8.759 5.658 -11.286 3.125 -11.286 0 c
-11.282 -0.075 l
-15.262 -0.075 l
-15.265 0.001 l
-15.265 5.163 -10.956 9.348 -5.642 9.348 c
-0.327 9.348 3.981 5.163 3.981 0.001 c
3.976 -0.075 l
-0.004 -0.075 l
h
f
Q
q 1 0 0 1 230.9413 728.2601 cm
0 0 m
-4.377 0 l
-4.744 0.975 -4.953 2.021 -4.962 3.117 c
-0.982 3.117 l
-0.967 1.962 -0.609 0.89 0 0 c
f
Q
q 1 0 0 1 240.2571 728.2601 cm
0 0 m
0.608 0.89 0.965 1.962 0.98 3.117 c
4.96 3.117 l
4.951 2.021 4.743 0.975 4.376 0 c
h
f
Q
1 1 1  scn
q 1 0 0 1 229.9553 731.4517 cm
0 0 m
0 3.125 2.527 5.658 5.643 5.658 c
8.76 5.658 11.286 3.125 11.286 0 c
11.282 -0.075 l
0.004 -0.075 l
h
f
Q
q 1 0 0 1 235.5987 725.795 cm
0 0 m
-1.936 0 -3.641 0.978 -4.657 2.465 c
4.658 2.465 l
3.641 0.978 1.935 0 0 0 c
f
Q
q 1 0 0 1 229.9592 731.377 cm
0 0 m
11.278 0 l
11.263 -1.155 10.906 -2.227 10.298 -3.117 c
0.982 -3.117 l
0.373 -2.227 0.015 -1.155 0 0 c
f
Q
0.475 0.494 0.739  scn
q 1 0 0 1 250.4423 707.4182 cm
0 0 m
3.97 -3.118 l
2.865 -4.812 0.921 -5.94 -1.298 -5.94 c
-4.742 -5.94 -7.536 -3.227 -7.536 0.121 c
-7.536 3.466 -4.742 6.181 -1.298 6.181 c
2.15 6.181 4.943 3.466 4.943 0.121 c
4.943 -0.132 4.921 -0.379 4.891 -0.62 c
1.622 1.948 l
h
f
Q
q 1 0 0 1 250.4423 707.4182 cm
0 0 m
1.622 1.948 l
4.891 -0.62 l
4.777 -1.532 4.454 -2.379 3.97 -3.118 c
h
f
Q
q 1 0 0 1 261.341 707.5388 cm
0 0 m
0 -6.542 -5.461 -11.845 -12.196 -11.845 c
-18.931 -11.845 -24.391 -6.542 -24.391 0 c
-24.391 6.54 -18.931 11.844 -12.196 11.844 c
-5.461 11.844 0 6.54 0 0 c
4.572 -8.156 m
4.572 0.503 l
1.459 0.215 l
1.03 4.619 l
5.819 5.06 l
3.561 12.656 -3.647 18.213 -12.196 18.213 c
-14.812 18.213 -17.303 17.691 -19.565 16.751 c
-20.51 15.981 -21.609 15.384 -22.813 15.012 c
-23.966 14.239 -25.028 13.345 -25.978 12.348 c
-25.742 12.348 l
-25.742 9.066 l
-28.457 9.066 l
-30.039 6.396 -30.949 3.301 -30.949 0 c
-30.949 -10.058 -22.551 -18.213 -12.196 -18.213 c
-4.857 -18.213 1.492 -14.117 4.572 -8.156 c
f
Q
q 1 0 0 1 235.5987 719.8867 cm
0 0 m
0 -3.282 l
-2.715 -3.282 l
-2.013 -2.097 -1.182 -0.997 -0.235 0 c
h
f
Q
q 1 0 0 1 265.9132 711.0218 cm
0 0 m
0 -2.98 l
-3.113 -3.268 l
-3.542 1.136 l
1.247 1.577 l
1.428 0.968 1.57 0.345 1.685 -0.287 c
0.694 -0.204 0 0 y
f
Q
q 1 0 0 1 238.5282 722.5508 cm
0 0 m
1.015 0.678 2.101 1.263 3.248 1.739 c
2.303 0.969 1.204 0.372 0 0 c
f
Q
0.69 0.764 0.897  scn
q 1 0 0 1 75.2905 731.377 cm
0 0 m
-0.119 4.281 -1.093 8.354 -2.771 12.062 c
11.687 12.062 l
11.687 0 l
0 0 l
f
Q
q 1 0 0 1 75.2285 728.2601 cm
0 0 m
11.712 0 l
11.526 -14.566 21.905 -7.007 y
30.626 -6.062 34.498 -16.087 30.822 -21.179 c
28.513 -24.376 21.957 -27.569 19.016 -23.445 c
16.145 -19.42 11.749 -23.445 y
11.749 -39.887 l
11.607 -40.146 11.453 -40.397 11.318 -40.659 c
-26.242 -40.659 l
-27.536 -37.184 -28.579 -33.373 -28.812 -29.74 c
-13.256 -27.784 -1.082 -15.375 0 0 c
f
Q
0.475 0.494 0.739  scn
q 1 0 0 1 45.4225 708.2246 cm
0 0 m
-2.664 -0.75 -5.869 -1.091 -8.206 0.458 c
-6.486 0.043 -4.693 -0.183 -2.848 -0.183 c
-1.882 -0.183 -0.935 -0.116 0 0 c
f
Q
q 1 0 0 1 71.9846 731.377 cm
0 0 m
0 -3.117 l
3.244 -3.117 l
2.162 -18.492 -10.013 -30.901 -25.568 -32.857 c
-25.82 -28.922 -25.118 -25.2 -22.749 -22.342 c
-13.393 -19.485 -6.584 -10.765 -6.584 -0.449 c
-6.584 4.17 -7.952 8.465 -10.299 12.062 c
0.535 12.062 l
2.213 8.354 3.186 4.281 3.306 0 c
0 0 l
f
Q
1 1 1  scn
q 1 0 0 1 50.3814 710.2339 cm
0 0 m
-2.185 -1.227 -4.959 -2.009 v
-5.894 -2.126 -6.841 -2.193 -7.807 -2.193 c
-9.652 -2.193 -11.445 -1.967 -13.164 -1.551 c
-15.369 -0.093 -16.801 3.042 -16.278 9.097 c
-16.078 10.545 -15.3 12.114 v
-13.344 10.319 -10.711 9.211 -7.807 9.211 c
-1.78 9.211 3.106 13.957 3.106 19.811 c
3.106 22.175 2.299 24.35 0.954 26.113 c
1.449 28.464 2.077 30.894 2.877 33.205 c
11.305 33.205 l
13.651 29.608 15.02 25.313 15.02 20.694 c
15.02 10.378 8.211 1.658 -1.145 -1.199 c
-0.799 -0.782 -0.421 -0.379 0 0 c
f
Q
0.475 0.494 0.739  scn
q 1 0 0 1 49.5736 722.7831 cm
0 0 m
0.257 6.41 1.762 13.564 v
3.107 11.8 3.914 9.626 3.914 7.262 c
3.914 1.408 -0.972 -3.338 -6.999 -3.338 c
-9.903 -3.338 -12.537 -2.23 -14.492 -0.435 c
-12.948 2.673 -9.12 6.253 0 0 c
f
Q
q 1 0 0 1 86.9403 728.2601 cm
0 0 m
-11.712 0 l
-11.661 0.736 -11.625 1.477 -11.625 2.226 c
-11.625 2.525 -11.641 2.821 -11.65 3.117 c
0.037 3.117 l
0.037 1.248 l
0.015 0.813 0.006 0.402 0 0 c
f
Q
q 1 0 0 1 75.2284 728.2601 cm
0 0 m
-3.244 0 l
-3.244 3.117 l
0.062 3.117 l
0.071 2.821 0.087 2.524 0.087 2.226 c
0.087 1.477 0.051 0.736 0 0 c
f
Q
q 1 0 0 1 86.9772 687.6007 cm
0 0 m
-0.431 0 l
-0.296 0.262 -0.142 0.513 0 0.772 c
0 0 l
f
Q
0.69 0.764 0.897  scn
q 1 0 0 1 141.0485 714.9125 cm
0 0 m
-5.056 4.911 -9.606 -1.55 y
-14.92 -16.43 0 -12.863 y
0 -22.232 l
-5.894 -14.754 -15.166 -9.923 -25.613 -9.923 c
-37.947 -9.923 -48.645 -16.659 -54.071 -26.539 c
-54.071 -10.098 l
-49.675 -6.073 -46.804 -10.098 v
-43.863 -14.221 -37.307 -11.028 -34.998 -7.832 c
-31.322 -2.739 -35.194 7.286 -43.915 6.341 c
-54.294 -1.218 -54.108 13.348 v
0 13.348 l
0 0 l
f
Q
q 1 0 0 1 141.0485 731.377 cm
0 0 m
-54.071 0 l
-54.071 12.062 l
0 12.062 l
0 9.839 l
h
f
Q
0.475 0.494 0.739  scn
q 1 0 0 1 86.9403 728.2601 cm
0 0 m
0.006 0.402 0.015 0.813 0.037 1.248 c
0.037 3.117 l
54.108 3.117 l
54.108 0 l
0 0 l
f
Q
0.69 0.764 0.897  scn
q 1 0 0 1 115.4355 698.5417 cm
0 0 m
8.83 0 16.618 -4.338 21.223 -10.941 c
2.758 -10.941 l
4.23 -12.392 5.088 -14.452 4.932 -16.686 c
4.648 -20.748 1.141 -23.824 -2.903 -23.559 c
-6.946 -23.295 -9.993 -19.786 -9.709 -15.724 c
-9.579 -13.832 -8.736 -12.166 -7.476 -10.941 c
-21.222 -10.941 l
-16.614 -4.338 -8.828 0 0 0 c
f
Q
0.475 0.494 0.739  scn
q 1 0 0 1 115.4355 704.9899 cm
0 0 m
10.447 0 19.719 -4.831 25.613 -12.309 c
25.613 -17.389 l
21.223 -17.389 l
16.618 -10.786 8.83 -6.448 0 -6.448 c
-8.828 -6.448 -16.614 -10.786 -21.222 -17.389 c
-28.458 -17.389 l
-28.458 -16.617 l
-23.032 -6.737 -12.335 0 0 0 c
f
Q
0.69 0.764 0.897  scn
q 1 0 0 1 42.1178 698.2435 cm
0 0 m
1.458 0 2.891 0.1 4.299 0.277 c
4.532 -3.356 5.575 -7.167 6.869 -10.643 c
-42.581 -10.643 l
-42.581 45.195 l
-30.402 45.195 l
-32.195 41.23 -33.197 36.851 -33.197 32.243 c
-33.197 14.435 -18.334 0 0 0 c
f
Q
0.475 0.494 0.739  scn
q 1 0 0 1 19.7451 730.9282 cm
0 0 m
0 -10.789 7.449 -19.828 17.472 -22.246 c
19.808 -23.794 23.014 -23.454 25.677 -22.704 c
26.986 -22.539 28.261 -22.27 29.491 -21.893 c
27.122 -24.751 26.42 -28.473 26.671 -32.408 c
25.263 -32.585 23.831 -32.685 22.373 -32.685 c
4.039 -32.685 -10.825 -18.25 -10.825 -0.442 c
-10.825 4.167 -9.823 8.546 -8.029 12.511 c
3.717 12.511 l
1.371 8.914 0 4.619 0 0 c
f
Q
1 1 1  scn
q 1 0 0 1 42.5746 740.6448 cm
0 0 m
-6.031 0 -10.917 -4.746 -10.917 -10.6 c
-10.917 -13.634 -9.597 -16.364 -7.493 -18.296 c
-8.272 -19.866 -8.471 -21.314 y
-8.994 -27.369 -7.562 -30.504 -5.358 -31.962 c
-15.381 -29.545 -22.83 -20.506 -22.83 -9.717 c
-22.83 -5.098 -21.459 -0.803 -19.112 2.794 c
10.684 2.794 l
9.884 0.483 9.255 -1.947 8.76 -4.297 c
6.772 -1.695 3.594 0 0 0 c
f
Q
q 1 0 0 1 50.3814 710.2339 cm
0 0 m
-0.421 -0.379 -0.799 -0.782 -1.145 -1.199 c
-2.375 -1.576 -3.65 -1.845 -4.959 -2.009 c
-2.185 -1.227 0 0 y
f
Q
0.475 0.494 0.739  scn
q 1 0 0 1 31.6575 730.0451 cm
0 0 m
0 5.854 4.886 10.6 10.917 10.6 c
14.511 10.6 17.689 8.905 19.678 6.302 c
18.173 -0.852 17.916 -7.262 y
8.796 -1.009 4.968 -4.589 3.424 -7.697 c
1.32 -5.764 0 -3.035 0 0 c
f
Q
0.69 0.764 0.897  scn
q 1 0 0 1 466.8023 724.0363 cm
0 0 m
4.415 4.095 5.048 11.092 v
40.742 11.092 l
40.742 10.543 l
52.38 12.723 50.355 1.974 y
46.309 -8.348 40.742 -1.958 y
40.742 -27.197 l
0 -27.197 l
0 -15.235 l
-1.385 -15.44 -3.048 -15.239 v
-2.219 -12.553 -1.773 -9.709 -1.773 -6.76 c
-1.773 -4.391 -2.066 -2.089 -2.608 0.118 c
-1.838 0.178 -0.976 0.15 0 0 c
f
Q
507.544 687.601 -40.742 6.491 re
f
q 1 0 0 1 471.7881 739.0906 cm
0 0 m
-0.164 1.372 -0.479 2.822 -0.996 4.348 c
35.756 4.348 l
35.756 0 l
0 0 l
f
Q
0.475 0.494 0.739  scn
507.544 694.092 -40.742 2.747 re
f
q 1 0 0 1 463.7542 708.7969 cm
0 0 m
-2.529 0.305 -5.694 1.554 -5.621 5.883 c
-5.53 6.737 -5.465 7.6 -5.465 8.478 c
-5.465 8.727 -5.478 8.973 -5.484 9.219 c
-5.171 11.6 -3.95 15.009 0.44 15.357 c
0.982 13.15 1.275 10.849 1.275 8.48 c
1.275 5.531 0.829 2.686 0 0 c
f
Q
1 1 1  scn
q 1 0 0 1 458.1334 714.6804 cm
0 0 m
0.007 0.327 0.023 0.664 0.066 1.026 c
-0.036 2.025 0.137 3.335 v
0.143 3.089 0.156 2.844 0.156 2.595 c
0.156 1.717 0.091 0.854 0 0 c
f
Q
0.475 0.494 0.739  scn
q 1 0 0 1 471.8508 735.1284 cm
0 0 m
0.11 1.233 0.107 2.554 -0.063 3.962 c
35.693 3.962 l
35.693 0 l
0 0 l
f
Q
0.69 0.764 0.897  scn
q 1 0 0 1 507.5441 722.078 cm
0 0 m
5.567 -6.39 9.613 3.932 v
11.639 14.682 0 12.502 v
0 13.05 l
35.821 13.05 l
41.495 -0.499 l
26.313 -3.448 31.881 -12.293 y
37.951 -24.58 46.555 -12.293 y
51.478 -25.239 l
0 -25.239 l
0 0 l
f
Q
q 1 0 0 1 560.0667 694.092 cm
0 0 m
2.471 -6.491 l
-52.523 -6.491 l
-52.523 0 l
h
f
Q
q 1 0 0 1 507.5441 739.0906 cm
0 0 m
0 4.348 l
32.338 4.348 l
34.161 0 l
h
f
Q
0.475 0.494 0.739  scn
q 1 0 0 1 507.5441 696.8391 cm
0 0 m
51.478 0 l
52.523 -2.747 l
0 -2.747 l
h
f
Q
q 1 0 0 1 507.5441 739.0906 cm
0 0 m
34.161 0 l
35.821 -3.962 l
0 -3.962 l
h
f
Q
0.69 0.764 0.897  scn
q 1 0 0 1 554.0989 709.7852 cm
0 0 m
-8.603 -12.287 -14.674 0 v
-20.242 8.845 -5.06 11.794 v
-10.734 25.343 l
44.534 25.343 l
44.534 -12.946 l
4.923 -12.946 l
0 0 l
f
Q
q 1 0 0 1 581.8357 687.6007 cm
0 0 m
2.116 -1.289 3.539 -3.615 3.543 -6.285 c
3.549 -10.356 0.269 -13.66 -3.784 -13.667 c
-7.837 -13.673 -11.126 -10.378 -11.135 -6.306 c
-11.139 -3.628 -9.709 -1.294 -7.587 0 c
-19.298 0 l
-21.769 6.491 l
16.797 6.491 l
16.797 0 l
0 0 l
f
Q
q 1 0 0 1 539.8825 743.4388 cm
0 0 m
58.75 0 l
58.75 -4.348 l
1.823 -4.348 l
h
f
Q
0.475 0.494 0.739  scn
q 1 0 0 1 559.0219 696.8391 cm
0 0 m
39.611 0 l
39.611 -2.747 l
1.045 -2.747 l
h
f
Q
q 1 0 0 1 541.7055 739.0906 cm
0 0 m
56.927 0 l
56.927 -3.962 l
1.659 -3.962 l
h
f
Q
0.158 0.208 0.128  scn
q 1 0 0 1 431.6491 692.3069 cm
0 0 m
1.46 -0.17 l
1.474 -0.055 1.483 0.025 1.491 0.064 c
-1.405 0.571 l
-1.435 0.402 -1.449 0.269 -1.46 0.17 c
1.46 -0.17 l
0 0 l
1.46 -0.17 l
1.474 -0.055 1.483 0.025 1.491 0.064 c
-1.405 0.571 l
-1.435 0.402 -1.449 0.269 -1.46 0.17 c
1.46 -0.17 l
0 0 l
f
Q
q 1 0 0 1 431.5863 691.3145 cm
0 0 m
1.469 0.025 l
1.469 0.089 l
1.469 0.235 1.477 0.393 1.491 0.564 c
-1.441 0.791 l
-1.457 0.575 -1.471 0.34 -1.471 0.089 c
-1.47 -0.03 l
1.469 0.025 l
0 0 l
1.469 0.029 l
1.469 0.089 l
1.469 0.235 1.477 0.393 1.491 0.564 c
-1.441 0.791 l
-1.457 0.574 -1.471 0.34 -1.471 0.089 c
-1.47 -0.025 l
1.469 0.029 l
0 0 l
f
Q
q 1 0 0 1 431.85 689.4577 cm
0 0 m
1.437 0.313 l
1.398 0.493 l
-1.475 -0.133 l
-1.436 -0.313 l
1.437 0.313 l
0 0 l
1.437 0.313 l
1.398 0.493 l
-1.475 -0.133 l
-1.436 -0.313 l
1.437 0.313 l
h
f
Q
q 1 0 0 1 431.6618 690.3568 cm
0 0 m
1.455 0.209 l
1.419 0.461 1.398 0.719 1.395 0.979 c
-1.546 0.936 l
-1.54 0.542 -1.506 0.162 -1.456 -0.2 c
1.455 0.209 l
0 0 l
1.456 0.2 l
1.42 0.464 1.398 0.725 1.395 0.979 c
-1.546 0.936 l
-1.54 0.548 -1.509 0.165 -1.455 -0.209 c
1.456 0.2 l
0 0 l
f
Q
q 1 0 0 1 438.1481 698.728 cm
0 0 m
0.149 -1.463 l
0.341 -1.443 0.524 -1.431 0.704 -1.429 c
0.667 1.511 l
0.382 1.508 0.111 1.489 -0.149 1.463 c
0.149 -1.463 l
0 0 l
0.149 -1.463 l
0.341 -1.443 0.524 -1.431 0.704 -1.429 c
0.667 1.511 l
0.382 1.508 0.111 1.489 -0.149 1.463 c
0.149 -1.463 l
0 0 l
f
Q
q 1 0 0 1 437.4758 698.6226 cm
0 0 m
0.296 -1.44 l
0.401 -1.419 0.523 -1.399 0.657 -1.381 c
0.259 1.533 l
0.084 1.509 -0.101 1.48 -0.295 1.44 c
0.296 -1.44 l
0 0 l
0.296 -1.44 l
0.401 -1.419 0.523 -1.399 0.657 -1.381 c
0.259 1.533 l
0.084 1.509 -0.101 1.48 -0.295 1.44 c
0.296 -1.44 l
0 0 l
f
Q
q 1 0 0 1 432.6263 695.1761 cm
0 0 m
1.257 -0.762 l
1.311 -0.672 l
-1.203 0.852 l
-1.256 0.762 l
1.257 -0.762 l
0 0 l
1.257 -0.762 l
1.311 -0.672 l
-1.203 0.852 l
-1.256 0.762 l
1.257 -0.762 l
h
f
Q
q 1 0 0 1 434.8922 697.5568 cm
0 0 m
0.798 -1.235 l
0.867 -1.19 0.946 -1.142 1.037 -1.087 c
-0.474 1.435 l
-0.586 1.368 -0.688 1.304 -0.784 1.244 c
0 0 l
0.798 -1.235 l
0 0 l
0.784 -1.244 l
1.037 -1.087 l
-0.474 1.435 l
-0.576 1.374 -0.684 1.309 -0.798 1.235 c
0.784 -1.244 l
0 0 l
f
Q
q 1 0 0 1 435.4303 697.8818 cm
0 0 m
0.694 -1.296 l
0.796 -1.241 0.91 -1.185 1.029 -1.13 c
-0.211 1.536 l
-0.367 1.464 -0.528 1.385 -0.695 1.296 c
0.694 -1.296 l
0 0 l
0.694 -1.296 l
0.796 -1.241 0.91 -1.185 1.029 -1.13 c
-0.211 1.536 l
-0.367 1.464 -0.528 1.385 -0.695 1.296 c
0.694 -1.296 l
0 0 l
f
Q
q 1 0 0 1 434.3963 697.1932 cm
0 0 m
0.896 -1.166 l
1.118 -0.995 l
-0.672 1.337 l
-0.896 1.166 l
0.896 -1.166 l
0 0 l
0.896 -1.166 l
1.118 -0.995 l
-0.672 1.337 l
-0.896 1.166 l
0.896 -1.166 l
h
f
Q
q 1 0 0 1 436.0478 698.1815 cm
0 0 m
0.586 -1.348 l
0.715 -1.292 0.858 -1.238 1.016 -1.184 c
0.072 1.6 l
-0.145 1.526 -0.363 1.444 -0.578 1.352 c
0.586 -1.348 l
0 0 l
0.577 -1.352 l
0.717 -1.292 0.865 -1.236 1.016 -1.184 c
0.072 1.6 l
-0.139 1.528 -0.36 1.447 -0.587 1.348 c
0.577 -1.352 l
0 0 l
f
Q
q 1 0 0 1 434.0111 696.8696 cm
0 0 m
0.998 -1.08 l
1.099 -0.987 l
-0.897 1.173 l
-0.997 1.08 l
0.998 -1.08 l
0 0 l
0.998 -1.08 l
1.099 -0.987 l
-0.897 1.173 l
-0.997 1.08 l
0.998 -1.08 l
h
f
Q
q 1 0 0 1 436.8103 698.4547 cm
0 0 m
0.426 -1.407 l
0.544 -1.372 0.656 -1.341 0.76 -1.317 c
0.1 1.548 l
-0.087 1.505 -0.263 1.456 -0.426 1.407 c
0.426 -1.407 l
0 0 l
0.426 -1.407 l
0.544 -1.372 0.656 -1.341 0.76 -1.317 c
0.1 1.548 l
-0.087 1.505 -0.263 1.456 -0.426 1.407 c
0.426 -1.407 l
0 0 l
f
Q
q 1 0 0 1 431.7755 693.0397 cm
0 0 m
1.434 -0.327 l
1.472 -0.159 l
-1.395 0.495 l
-1.433 0.327 l
1.434 -0.327 l
0 0 l
1.434 -0.327 l
1.472 -0.159 l
-1.395 0.495 l
-1.433 0.327 l
1.434 -0.327 l
h
f
Q
q 1 0 0 1 432.9379 695.6541 cm
0 0 m
1.192 -0.86 l
1.281 -0.736 l
-1.104 0.983 l
-1.193 0.86 l
1.192 -0.86 l
0 0 l
1.192 -0.86 l
1.281 -0.736 l
-1.104 0.983 l
-1.193 0.86 l
1.192 -0.86 l
h
f
Q
q 1 0 0 1 433.3045 696.1364 cm
0 0 m
1.094 -0.982 l
1.173 -0.893 l
-1.015 1.071 l
-1.095 0.982 l
1.094 -0.982 l
0 0 l
1.094 -0.982 l
1.173 -0.893 l
-1.015 1.071 l
-1.095 0.982 l
1.094 -0.982 l
h
f
Q
q 1 0 0 1 444.7736 695.8283 cm
0 0 m
1.435 0.319 l
1.434 0.323 l
-1.471 13.397 l
-1.471 -0.236 l
-1.395 -0.465 l
1.435 0.319 l
0 0 l
1.395 0.465 l
1.394 0.468 l
-0.001 0.003 l
1.469 0.003 l
1.469 0.004 l
-0.001 0.004 l
-1.436 -0.315 l
-1.435 -0.319 l
0 0 l
1.395 0.465 l
h
f
Q
q 1 0 0 1 445.5754 688.3181 cm
0 0 m
-1.335 0.614 l
-1.437 0.394 -1.534 0.202 -1.63 0.042 c
0.886 -1.48 l
1.075 -1.166 1.211 -0.876 1.328 -0.63 c
0 0 l
-1.335 0.614 l
0 0 l
-1.328 0.63 l
-1.443 0.388 -1.54 0.189 -1.628 0.045 c
0.888 -1.476 l
1.068 -1.176 1.211 -0.885 1.336 -0.614 c
-1.328 0.63 l
0 0 l
f
Q
q 1 0 0 1 445.8135 688.9168 cm
0 0 m
-1.383 0.498 l
-1.475 0.243 l
1.292 -0.753 l
1.384 -0.498 l
-1.383 0.498 l
0 0 l
-1.383 0.498 l
-1.475 0.243 l
1.292 -0.753 l
1.384 -0.498 l
-1.383 0.498 l
h
f
Q
q 1 0 0 1 446.0919 689.9094 cm
0 0 m
1.438 -0.303 l
1.44 -0.294 l
0.001 0.009 l
-1.468 0.009 l
-1.468 0.005 l
0.001 0.005 l
-1.363 0.551 l
-1.365 0.546 l
0 0 l
1.438 -0.303 l
0 0 l
1.364 -0.546 l
1.366 -0.541 l
1.472 -0.278 l
1.472 0.009 l
1.472 14.129 l
-1.439 0.303 l
1.364 -0.546 l
h
f
Q
q 1 0 0 1 439.6663 698.7292 cm
0 0 m
-0.209 -1.455 l
0.035 -1.49 l
0.452 1.421 l
0.208 1.455 l
-0.209 -1.455 l
0 0 l
-0.209 -1.455 l
0.035 -1.49 l
0.452 1.421 l
0.208 1.455 l
-0.209 -1.455 l
h
f
Q
q 1 0 0 1 444.2296 696.4758 cm
0 0 m
0.882 1.176 l
0.878 1.179 l
-0.886 -1.173 l
-0.882 -1.176 l
0.882 1.176 l
0 0 l
0.882 1.176 l
0.878 1.179 l
-0.886 -1.173 l
-0.882 -1.176 l
0.882 1.176 l
h
f
Q
q 1 0 0 1 446.2595 691.4852 cm
0 0 m
-1.47 -0.013 l
-1.469 -0.059 l
-1.469 -0.26 -1.483 -0.461 -1.508 -0.668 c
-0.048 -0.845 l
1.415 -0.986 l
1.441 -0.717 1.47 -0.402 1.471 -0.045 c
1.47 0.009 l
-1.47 -0.013 l
0 0 l
-1.47 -0.009 l
-1.469 -0.045 l
-1.469 -0.231 -1.487 -0.449 -1.511 -0.703 c
1.411 -1.021 l
1.449 -0.713 1.471 -0.392 1.471 -0.059 c
1.47 0.013 l
-1.47 -0.009 l
0 0 l
f
Q
q 1 0 0 1 431.9598 693.7087 cm
0 0 m
-1.369 0.537 l
-1.379 0.512 l
-0.01 -0.024 l
1.396 -0.457 l
1.398 -0.45 l
-0.008 -0.018 l
1.347 -0.589 l
1.354 -0.57 l
0 0 l
-1.369 0.537 l
0 0 l
-1.355 0.571 l
-1.363 0.552 l
-1.392 0.485 l
-1.415 0.408 l
1.358 -0.561 l
1.368 -0.537 l
-1.355 0.571 l
h
f
Q
q 1 0 0 1 442.1362 698.0178 cm
0 0 m
-0.634 -1.326 l
-0.545 -1.369 l
0.724 1.283 l
0.635 1.326 l
-0.634 -1.326 l
0 0 l
-0.634 -1.326 l
-0.545 -1.369 l
0.724 1.283 l
0.635 1.326 l
-0.634 -1.326 l
h
f
Q
q 1 0 0 1 445.7959 693.959 cm
0 0 m
-1.377 -0.514 l
-1.312 -0.689 l
1.442 0.34 l
1.377 0.515 l
-1.377 -0.514 l
0 0 l
-1.377 -0.514 l
-1.312 -0.689 l
1.442 0.34 l
1.377 0.515 l
-1.377 -0.514 l
h
f
Q
q 1 0 0 1 445.0931 695.367 cm
0 0 m
-1.208 -0.837 l
-1.2 -0.849 l
1.217 0.824 l
1.208 0.837 l
-1.208 -0.837 l
0 0 l
-1.208 -0.837 l
-1.2 -0.849 l
1.217 0.824 l
1.208 0.837 l
-1.208 -0.837 l
h
f
Q
q 1 0 0 1 441.2972 698.366 cm
0 0 m
-0.491 -1.386 l
-0.284 -1.459 l
0.698 1.313 l
0.491 1.386 l
-0.491 -1.386 l
0 0 l
-0.491 -1.386 l
-0.284 -1.459 l
0.698 1.313 l
0.491 1.386 l
-0.491 -1.386 l
h
f
Q
q 1 0 0 1 440.4847 698.5948 cm
0 0 m
-0.343 -1.43 l
-0.089 -1.49 l
0.596 1.369 l
0.342 1.43 l
-0.343 -1.43 l
0 0 l
-0.343 -1.43 l
-0.089 -1.49 l
0.596 1.369 l
0.342 1.43 l
-0.343 -1.43 l
h
f
Q
q 1 0 0 1 446.1163 692.8263 cm
0 0 m
-1.444 -0.281 l
-1.423 -0.385 -1.405 -0.496 -1.389 -0.615 c
1.525 -0.219 l
1.503 -0.057 1.476 0.109 1.443 0.281 c
-1.444 -0.281 l
0 0 l
-1.444 -0.281 l
-1.423 -0.385 -1.405 -0.496 -1.389 -0.615 c
1.525 -0.219 l
1.503 -0.057 1.476 0.109 1.443 0.281 c
-1.444 -0.281 l
0 0 l
f
Q
q 1 0 0 1 446.2163 692.1692 cm
0 0 m
-1.461 -0.155 l
-1.442 -0.343 -1.429 -0.527 -1.426 -0.708 c
1.513 -0.66 l
1.509 -0.38 1.491 -0.108 1.462 0.155 c
-1.461 -0.155 l
0 0 l
-1.461 -0.155 l
-1.442 -0.343 -1.429 -0.527 -1.426 -0.708 c
1.513 -0.66 l
1.509 -0.38 1.491 -0.108 1.462 0.155 c
-1.461 -0.155 l
0 0 l
f
Q
q 1 0 0 1 445.9634 693.4432 cm
0 0 m
-1.4 -0.451 l
-1.384 -0.5 -1.362 -0.579 -1.335 -0.685 c
1.513 0.046 l
1.484 0.156 1.451 0.292 1.399 0.451 c
-1.4 -0.451 l
0 0 l
-1.4 -0.451 l
-1.384 -0.5 -1.362 -0.579 -1.335 -0.685 c
1.513 0.046 l
1.484 0.156 1.451 0.292 1.399 0.451 c
-1.4 -0.451 l
0 0 l
f
Q
0.69 0.764 0.897  scn
q 1 0 0 1 393.4066 706.0438 cm
0 0 m
5.061 2.457 5.061 -3.44 v
12.081 -8.438 14.867 -3.57 v
19.806 -11.835 28.754 -17.56 39.128 -18.24 c
39.232 -18.443 l
-4.333 -18.443 l
-6.495 -13.999 -7.308 -7.369 0 0 c
f
Q
q 1 0 0 1 404.1828 717.2766 cm
0 0 m
0 -0.691 0.033 -1.374 0.082 -2.053 c
-1.131 -1.891 -2.548 -1.822 -4.199 -1.869 c
-4.863 26.162 l
16.287 26.162 l
6.608 21.218 0 11.361 0 0 c
f
Q
q 1 0 0 1 466.8023 724.0363 cm
0 0 m
-0.976 0.15 -1.838 0.178 -2.608 0.118 c
-3.602 4.161 -5.446 7.884 -7.957 11.092 c
5.048 11.092 l
4.415 4.095 0 0 y
f
Q
q 1 0 0 1 466.8023 708.8016 cm
0 0 m
0 -11.963 l
-10.234 -11.963 l
-6.944 -8.627 -4.449 -4.544 -3.048 -0.005 c
-1.385 -0.205 0 0 y
f
Q
q 1 0 0 1 453.4544 694.092 cm
0 0 m
13.348 0 l
13.348 -6.491 l
-8.251 -6.491 l
-8.111 -6.261 -7.992 -6.019 -7.879 -5.774 c
-7.827 -5.661 -7.778 -5.546 -7.732 -5.43 c
-7.641 -5.175 l
-7.526 -4.853 -7.433 -4.521 -7.363 -4.183 c
-7.362 -4.178 l
-4.699 -3.121 -2.223 -1.709 0 0 c
f
Q
q 1 0 0 1 455.1235 739.0906 cm
0 0 m
-1.916 1.702 -4.06 3.164 -6.38 4.348 c
15.669 4.348 l
16.185 2.822 16.501 1.372 16.665 0 c
0 0 l
f
Q
0.475 0.494 0.739  scn
q 1 0 0 1 466.8023 694.092 cm
0 0 m
-13.348 0 l
-12.245 0.846 -11.205 1.764 -10.234 2.747 c
0 2.747 l
0 0 l
f
Q
q 1 0 0 1 454.1444 739.0906 cm
0 0 m
0 -3.962 l
4.701 -3.962 l
7.212 -7.17 9.056 -10.893 10.05 -14.937 c
5.66 -15.284 4.439 -18.694 4.126 -21.075 c
3.736 -8.306 -6.706 1.926 -19.535 1.926 c
-32.617 1.926 -43.217 -8.704 -43.217 -21.815 c
-43.217 -34.027 -34.021 -44.078 -22.192 -45.4 c
-22.194 -45.406 l
-22.245 -45.562 -22.288 -45.723 -22.331 -45.883 c
-22.369 -46.051 l
-22.4 -46.188 -22.428 -46.326 -22.453 -46.466 c
-22.471 -46.57 -22.483 -46.677 -22.495 -46.784 c
-22.509 -46.888 -22.525 -46.991 -22.534 -47.098 c
-22.55 -47.321 -22.562 -47.547 -22.558 -47.776 c
-22.553 -48.1 -22.528 -48.421 -22.483 -48.734 c
-22.446 -48.98 -22.389 -49.216 -22.334 -49.453 c
-22.294 -49.633 l
-22.134 -50.216 -21.901 -50.769 -21.61 -51.287 c
-31.984 -50.607 -40.932 -44.881 -45.871 -36.617 c
-45.761 -36.424 -45.654 -36.22 -45.559 -35.995 c
-38.07 -25.448 -49.879 -23.867 v
-49.928 -23.188 -49.962 -22.505 -49.962 -21.814 c
-49.962 -10.453 -43.354 -0.596 -33.674 4.348 c
-5.401 4.348 l
-3.08 3.164 -0.937 1.702 0.979 0 c
0 0 l
f
Q
q 1 0 0 1 458.1334 714.6804 cm
0 0 m
-0.074 -4.329 3.092 -5.578 5.621 -5.883 c
4.22 -10.423 1.725 -14.506 -1.565 -17.841 c
-4.895 -17.841 l
-4.895 -20.588 l
-4.679 -20.588 l
-6.902 -22.297 -9.378 -23.709 -12.041 -24.766 c
-12.041 -24.762 l
-11.994 -24.525 -11.949 -24.285 -11.922 -24.04 c
-11.889 -23.763 -11.871 -23.482 -11.874 -23.195 c
-11.877 -22.964 -11.893 -22.737 -11.917 -22.511 c
-11.949 -22.271 l
-11.968 -22.131 -11.991 -21.992 -12.017 -21.854 c
-12.036 -21.753 -12.06 -21.656 -12.081 -21.556 c
-12.109 -21.448 -12.137 -21.341 -12.17 -21.237 c
-12.201 -21.121 -12.235 -21.008 -12.273 -20.896 c
-12.338 -20.721 l
-12.522 -20.229 -12.753 -19.762 -13.031 -19.326 c
-13.04 -19.313 l
-13.141 -19.154 -13.248 -19.002 -13.36 -18.852 c
-13.361 -18.849 l
-6.111 -15.389 -0.907 -8.343 0 0 c
f
Q
q 1 0 0 1 453.2387 694.092 cm
0 0 m
0 2.747 l
3.329 2.747 l
2.358 1.764 1.318 0.846 0.216 0 c
h
f
Q
1 1 1  scn
q 1 0 0 1 410.9278 717.2752 cm
0 0 m
0 13.111 10.6 23.741 23.681 23.741 c
36.511 23.741 46.953 13.509 47.343 0.74 c
47.169 -0.57 47.271 -1.568 y
47.228 -1.931 47.212 -2.268 47.206 -2.595 c
46.299 -10.938 41.095 -17.984 33.845 -21.444 c
33.845 -21.443 l
33.673 -21.218 33.494 -21.004 33.302 -20.799 c
33.298 -20.797 l
32.722 -20.19 32.047 -19.682 31.298 -19.3 c
31.208 -19.257 l
31.004 -19.156 30.792 -19.065 30.576 -18.982 c
30.369 -18.909 l
30.185 -18.846 29.999 -18.79 29.811 -18.741 c
29.557 -18.68 l
29.367 -18.639 29.178 -18.607 28.983 -18.581 c
28.738 -18.546 l
28.465 -18.518 28.188 -18.501 27.905 -18.506 c
27.674 -18.509 27.446 -18.524 27.22 -18.547 c
27.006 -18.577 l
26.852 -18.598 26.698 -18.622 26.548 -18.653 c
26.312 -18.705 l
26.167 -18.738 26.023 -18.778 25.883 -18.82 c
25.664 -18.886 l
25.48 -18.949 25.297 -19.016 25.12 -19.094 c
24.912 -19.19 l
24.774 -19.254 24.636 -19.322 24.502 -19.393 c
