q
0 0 585 765 re
W n
q
/GS0 gs
/Fm0 Do
Q
Q
BT
/CS0 cs 0 0 0  scn
/GS1 gs
/T1_0 1 Tf
/Span<</ActualText<FEFF0009>>> BDC 
10 0 0 10 36 19.56 Tm
(\026)Tj
EMC 
0.04 Tc -0.04 Tw 8 0 0 8 214 19.56 Tm
[(\037)40(\037)40(\037)150(\036)40(\035)40(\034)40(\034)40(\033)40(\032)40(\032)40(\031)40(\030)40(\035)40(\036)40(\034)40(\031)40(\027)]TJ
/Span<</ActualText<FEFF000900740068>>> BDC 
10.495 0 Td
(\026)Tj
15.527 0 Td
(\003\247)Tj
EMC 
(\242)Tj
/Span<</ActualText<FEFF0072>>> BDC 
(\216)Tj
EMC 
(\032)Tj
/Span<</ActualText<FEFF0064>>> BDC 
(\224)Tj
EMC 
(\035)Tj
/Span<</ActualText<FEFF0079>>> BDC 
4.664 0 Td
(\232)Tj
EMC 
(\026\001\033)Tj
/Span<</ActualText<FEFF00620072>>> BDC 
(\250\216)Tj
EMC 
(\242\035)Tj
/Span<</ActualText<FEFF00720079>>> BDC 
(\216\232)Tj
EMC 
(\026\215)Tj
/Span<</ActualText<FEFF0009>>> BDC 
(\026)Tj
EMC 
10.198 0 Td
[(\212)40(\b)]TJ
ET
q
0 0 585 765 re
W n
q
0 g
/GS0 gs
0 Tc 0 Tw /Fm1 Do
Q
/CS0 CS 1 1 1  SCN
3 w 4 M 
/GS0 gs
q 1 0 0 1 -59.0977 36.1518 cm
0 0 m
8.582 84.338 0 84.383 v
-8.582 84.428 -18.508 92.26 -18.225 100 c
-17.942 107.74 -7.258 114.958 0 113.149 c
7.258 111.34 -9.435 204.411 0 204.501 c
15.898 204.654 16.016 215.878 15.538 221.86 c
14.818 237.34 -6.062 224.02 0 241.128 c
2.703 248.755 -2.695 328.06 -0.959 333.1 c
0.778 338.14 -18.683 327.7 -19.033 343.18 c
-19.382 358.66 -9.662 356.86 0 354.501 c
5.818 358.3 6.062 450.294 0 448.577 c
-6.062 446.86 -18.302 445.78 -15.345 461.26 c
-12.722 477.82 -5.278 467.183 0 472.501 c
5.278 477.82 -6.178 547.506 0 555.503 c
6.178 563.5 13.378 554.5 14.098 569.62 c
13.738 585.82 6.062 574.862 0 582.141 c
-6.062 589.42 0 638.16 y
S
Q
q 1 0 0 1 -160.5977 674.3451 cm
0 0 m
8.582 -84.338 0 -84.383 v
-8.582 -84.428 -18.508 -92.26 -18.225 -100 c
-17.942 -107.74 -7.258 -114.958 0 -113.149 c
7.258 -111.34 -9.435 -204.411 0 -204.501 c
15.898 -204.654 16.016 -215.878 15.538 -221.86 c
14.818 -237.34 -6.062 -224.02 0 -241.128 c
2.703 -248.755 -2.695 -328.06 -0.959 -333.1 c
0.778 -338.14 -18.683 -327.7 -19.033 -343.18 c
-19.382 -358.66 -9.662 -356.86 0 -354.501 c
5.818 -358.3 6.062 -450.294 0 -448.577 c
-6.062 -446.86 -18.302 -445.78 -15.345 -461.26 c
-12.722 -477.82 -5.278 -467.183 0 -472.501 c
5.278 -477.82 -6.178 -547.506 0 -555.503 c
6.178 -563.5 13.378 -554.5 14.098 -569.62 c
13.738 -585.82 6.062 -574.862 0 -582.141 c
-6.062 -589.42 0 -638.16 y
S
Q
q 1 0 0 1 -251.4777 674.3451 cm
0 0 m
-8.582 -84.338 0 -84.383 v
8.582 -84.428 18.508 -92.26 18.225 -100 c
17.942 -107.74 7.258 -114.958 0 -113.149 c
-7.258 -111.34 9.435 -204.411 0 -204.501 c
-15.898 -204.654 -16.016 -215.878 -15.538 -221.86 c
-14.818 -237.34 6.062 -224.02 0 -241.128 c
-2.703 -248.755 2.695 -328.06 0.959 -333.1 c
-0.778 -338.14 18.683 -327.7 19.033 -343.18 c
19.382 -358.66 9.662 -356.86 0 -354.501 c
-5.818 -358.3 -6.062 -450.294 0 -448.577 c
6.062 -446.86 18.302 -445.78 15.345 -461.26 c
12.722 -477.82 5.278 -467.183 0 -472.501 c
-5.278 -477.82 6.178 -547.506 0 -555.503 c
-6.178 -563.5 -13.378 -554.5 -14.098 -569.62 c
-13.738 -585.82 -6.062 -574.862 0 -582.141 c
6.062 -589.42 0 -638.16 y
S
Q
q 1 0 0 1 -357.9777 36.1518 cm
0 0 m
-8.582 84.338 0 84.383 v
8.582 84.428 18.508 92.26 18.225 100 c
17.942 107.74 7.258 114.958 0 113.149 c
-7.258 111.34 9.435 204.411 0 204.501 c
-15.898 204.654 -16.016 215.878 -15.538 221.86 c
-14.818 237.34 6.062 224.02 0 241.128 c
-2.703 248.755 2.695 328.06 0.959 333.1 c
-0.778 338.14 18.683 327.7 19.033 343.18 c
19.382 358.66 9.662 356.86 0 354.501 c
-5.818 358.3 -6.062 450.294 0 448.577 c
6.062 446.86 18.302 445.78 15.345 461.26 c
12.722 477.82 5.278 467.183 0 472.501 c
-5.278 477.82 6.178 547.506 0 555.503 c
-6.178 563.5 -13.378 554.5 -14.098 569.62 c
-13.738 585.82 -6.062 574.862 0 582.141 c
6.062 589.42 0 638.16 y
S
Q
q 1 0 0 1 -437.0977 36.1518 cm
0 0 m
8.582 84.338 0 84.383 v
-8.582 84.428 -18.508 92.26 -18.225 100 c
-17.942 107.74 -7.258 114.958 0 113.149 c
7.258 111.34 -9.435 204.411 0 204.501 c
15.898 204.654 16.016 215.878 15.538 221.86 c
14.818 237.34 -6.062 224.02 0 241.128 c
2.703 248.755 -2.695 328.06 -0.959 333.1 c
0.778 338.14 -18.683 327.7 -19.033 343.18 c
-19.382 358.66 -9.662 356.86 0 354.501 c
5.818 358.3 6.062 450.294 0 448.577 c
-6.062 446.86 -18.302 445.78 -15.345 461.26 c
-12.722 477.82 -5.278 467.183 0 472.501 c
5.278 477.82 -6.178 547.506 0 555.503 c
6.178 563.5 13.378 554.5 14.098 569.62 c
13.738 585.82 6.062 574.862 0 582.141 c
-6.062 589.42 0 638.16 y
S
Q
q 1 0 0 1 -520.9777 36.1518 cm
0 0 m
-8.582 84.338 0 84.383 v
8.582 84.428 18.508 92.26 18.225 100 c
17.942 107.74 7.258 114.958 0 113.149 c
-7.258 111.34 9.435 204.411 0 204.501 c
-15.898 204.654 -16.016 215.878 -15.538 221.86 c
-14.818 237.34 6.062 224.02 0 241.128 c
-2.703 248.755 2.695 328.06 0.959 333.1 c
-0.778 338.14 18.683 327.7 19.033 343.18 c
19.382 358.66 9.662 356.86 0 354.501 c
-5.818 358.3 -6.062 450.294 0 448.577 c
6.062 446.86 18.302 445.78 15.345 461.26 c
12.722 477.82 5.278 467.183 0 472.501 c
-5.278 477.82 6.178 547.506 0 555.503 c
-6.178 563.5 -13.378 554.5 -14.098 569.62 c
-13.738 585.82 -6.062 574.862 0 582.141 c
6.062 589.42 0 638.16 y
S
Q
q 1 0 0 1 -638.3451 546.5032 cm
0 0 m
84.338 8.582 84.383 0 v
84.428 -8.582 92.26 -18.508 100 -18.225 c
107.74 -17.942 114.958 -7.258 113.149 0 c
111.34 7.258 204.411 -9.435 204.501 0 c
204.654 15.898 215.878 16.016 221.86 15.538 c
237.34 14.818 224.02 -6.062 241.128 0 c
248.755 2.703 328.06 -2.695 333.1 -0.959 c
338.14 0.778 327.7 -18.683 343.18 -19.033 c
358.66 -19.382 356.86 -9.662 354.501 0 c
358.3 5.818 450.294 6.062 448.577 0 c
446.86 -6.062 445.78 -18.302 461.26 -15.345 c
477.82 -12.722 467.183 -5.278 472.501 0 c
477.82 5.278 547.506 -6.178 555.503 0 c
563.5 6.178 554.5 13.378 569.62 14.098 c
585.82 13.738 574.862 6.062 582.141 0 c
589.42 -6.062 638.16 0 y
S
Q
q 1 0 0 1 -0.1518 438.5032 cm
0 0 m
-84.338 8.582 -84.383 0 v
-84.428 -8.582 -92.26 -18.508 -100 -18.225 c
-107.74 -17.942 -114.958 -7.258 -113.149 0 c
-111.34 7.258 -204.411 -9.435 -204.501 0 c
-204.654 15.898 -215.878 16.016 -221.86 15.538 c
-237.34 14.818 -224.02 -6.062 -241.128 0 c
-248.755 2.703 -328.06 -2.695 -333.1 -0.959 c
-338.14 0.778 -327.7 -18.683 -343.18 -19.033 c
-358.66 -19.382 -356.86 -9.662 -354.501 0 c
-358.3 5.818 -450.294 6.062 -448.577 0 c
-446.86 -6.062 -445.78 -18.302 -461.26 -15.345 c
-477.82 -12.722 -467.183 -5.278 -472.501 0 c
-477.82 5.278 -547.506 -6.178 -555.503 0 c
-563.5 6.178 -554.5 13.378 -569.62 14.098 c
-585.82 13.738 -574.862 6.062 -582.141 0 c
-589.42 -6.062 -638.16 0 y
S
Q
q 1 0 0 1 -0.1518 313.1232 cm
0 0 m
-84.338 -8.582 -84.383 0 v
-84.428 8.582 -92.26 18.508 -100 18.225 c
-107.74 17.942 -114.958 7.258 -113.149 0 c
-111.34 -7.258 -204.411 9.435 -204.501 0 c
-204.654 -15.898 -215.878 -16.016 -221.86 -15.538 c
-237.34 -14.818 -224.02 6.062 -241.128 0 c
-248.755 -2.703 -328.06 2.695 -333.1 0.959 c
-338.14 -0.778 -327.7 18.683 -343.18 19.033 c
-358.66 19.382 -356.86 9.662 -354.501 0 c
-358.3 -5.818 -450.294 -6.062 -448.577 0 c
-446.86 6.062 -445.78 18.302 -461.26 15.345 c
-477.82 12.722 -467.183 5.278 -472.501 0 c
-477.82 -5.278 -547.506 6.178 -555.503 0 c
-563.5 -6.178 -554.5 -13.378 -569.62 -14.098 c
-585.82 -13.738 -574.862 -6.062 -582.141 0 c
-589.42 6.062 -638.16 0 y
S
Q
q 1 0 0 1 -0.1518 195.7914 cm
0 0 m
-84.338 8.582 -84.383 0 v
-84.428 -8.582 -92.26 -18.508 -100 -18.225 c
-107.74 -17.942 -114.958 -7.258 -113.149 0 c
-111.34 7.258 -204.411 -9.435 -204.501 0 c
-204.654 15.898 -215.878 16.016 -221.86 15.538 c
-237.34 14.818 -224.02 -6.062 -241.128 0 c
-248.755 2.703 -328.06 -2.695 -333.1 -0.959 c
-338.14 0.778 -327.7 -18.683 -343.18 -19.033 c
-358.66 -19.382 -356.86 -9.662 -354.501 0 c
-358.3 5.818 -450.294 6.062 -448.577 0 c
-446.86 -6.062 -445.78 -18.302 -461.26 -15.345 c
-477.82 -12.722 -467.183 -5.278 -472.501 0 c
-477.82 5.278 -547.506 -6.178 -555.503 0 c
-563.5 6.178 -554.5 13.378 -569.62 14.098 c
-585.82 13.738 -574.862 6.062 -582.141 0 c
-589.42 -6.062 -638.16 0 y
S
Q
q 1 0 0 1 -638.3451 84.4527 cm
0 0 m
84.338 8.582 84.383 0 v
84.428 -8.582 92.26 -18.508 100 -18.225 c
107.74 -17.942 114.958 -7.258 113.149 0 c
111.34 7.258 204.411 -9.435 204.501 0 c
204.654 15.898 215.878 16.016 221.86 15.538 c
237.34 14.818 224.02 -6.062 241.128 0 c
248.755 2.703 328.06 -2.695 333.1 -0.959 c
338.14 0.778 327.7 -18.683 343.18 -19.033 c
358.66 -19.382 356.86 -9.662 354.501 0 c
358.3 5.818 450.294 6.062 448.577 0 c
446.86 -6.062 445.78 -18.302 461.26 -15.345 c
477.82 -12.722 467.183 -5.278 472.501 0 c
477.82 5.278 547.506 -6.178 555.503 0 c
563.5 6.178 554.5 13.378 569.62 14.098 c
585.82 13.738 574.862 6.062 582.141 0 c
589.42 -6.062 638.16 0 y
S
Q
Q
BT
/T1_1 1 Tf
0 Tc 0 Tw 14 0 0 14 36 647.2841 Tm
(\210\004\203)Tj
ET
q
0 0 585 765 re
W n
BT
0.428 0.433 0.443  scn
/GS0 gs
/T1_2 1 Tf
9 0 0 9 59.0715 647.2841 Tm
(\031)Tj
/Span<</ActualText<FEFF00690063>>> BDC 
6.3 0 0 6.3 91.0168 647.2841 Tm
(\037\027)Tj
EMC 
(\032)Tj
/Span<</ActualText<FEFF0063>>> BDC 
(\027)Tj
EMC 
/Span<</ActualText<FEFF0020>>> BDC 
9 0 0 9 104.8955 647.2841 Tm
(\031)Tj
EMC 
6.3 0 0 6.3 107.1455 647.2841 Tm
(\005\013\023\036\033)Tj
/Span<</ActualText<FEFF00640069>>> BDC 
(\001\037)Tj
EMC 
(\023\013)Tj
9 0 0 9 36 636.4841 Tm
(\020\021\016\004)Tj
/Span<</ActualText<FEFF0020>>> BDC 
(\031)Tj
EMC 
6.3 0 0 6.3 54.6298 636.4841 Tm
(\r)Tj
/Span<</ActualText<FEFF006D>>> BDC 
(\030)Tj
EMC 
ET
Q
BT
/T1_3 1 Tf
9 0 0 9 36 623.524 Tm
[(\255)100(\031\016\026\032\024\021\024\034\t)50(\030\013\024\022\033\021\031\030\f\031\017\033\016\031\023)]TJ
/T1_1 1 Tf
/Span<</ActualText<FEFF0041>>> BDC 
0 -1.44 TD
(\033)Tj
EMC 
0.622 0 Td
(\032\023)Tj
/Span<</ActualText<FEFF005200690073>>> BDC 
(\021\037\024)Tj
EMC 
(\f\020\024\032)Tj
/Span<</ActualText<FEFF00750064>>> BDC 
(\030\r)Tj
EMC 
(\017\036\032)Tj
/Span<</ActualText<FEFF0073>>> BDC 
(\024)Tj
EMC 
(\020)Tj
/Span<</ActualText<FEFF0054>>> BDC 
-0.622 -1.2 Td
(\032)Tj
EMC 
0.529 0 Td
(\033)Tj
/Span<</ActualText<FEFF0063>>> BDC 
(\031)Tj
EMC 
(\f)Tj
/Span<</ActualText<FEFF006C>>> BDC 
(\027)Tj
EMC 
(\017\020)Tj
/Span<</ActualText<FEFF0054>>> BDC 
(\032)Tj
EMC 
(\035)Tj
/Span<</ActualText<FEFF00750063>>> BDC 
(\030\031)Tj
EMC 
(\013\023)Tj
-0.529 -1.2 Td
(\024)Tj
/Span<</ActualText<FEFF0063>>> BDC 
(\031)Tj
EMC 
(\021\017\017\036\020)Tj
/Span<</ActualText<FEFF0054>>> BDC 
(\032)Tj
EMC 
4.667 0 Td
(\033)Tj
/Span<</ActualText<FEFF0062006C>>> BDC 
(\026\027)Tj
EMC 
(\017\032)Tj
/Span<</ActualText<FEFF0073>>> BDC 
(\024)Tj
EMC 
/T1_4 1 Tf
8 0 0 8 36 576.4841 Tm
(\025\023\r\001\b\023\032\261\204\020\202\r\204\023\245\227\032)Tj
/T1_0 1 Tf
[(\003)100(\017\023\007\r\017\t\200)]TJ
/Span<</ActualText<FEFF004C>>> BDC 
0 -1.2 TD
(\030)Tj
EMC 
(\002\005\t\023\t\002\023\n\201\026\235\017\017\022\026\224)Tj
/Span<</ActualText<FEFF0053>>> BDC 
(\032)Tj
EMC 
(\250)Tj
/Span<</ActualText<FEFF0041>>> BDC 
9 0 0 9 36 552.4841 Tm
(\035)Tj
EMC 
[(\026\007)-6(\t)1(\013)2(\016)11(\016)-5(\200)-33(\007)-3(\021)2(\t)-12(\t)-12(\002)-3(\007)-3(\021\022)-2(\023)2(\t\026\f)-6(\t)1(\013)-5(\202)-3(\t)-8(\023)2(\006\026)]TJ
T*
[(\005)-17(\017)-18(\020)-38(\223)-10(\017)-17(\017)-11(\n\026\020)-8(\r)-9(\017\026\016\007)-10(\r)-7(\013)-12(\013)-8(\022\026\022)2(\002)2(\005)-6(\t)-8(\023)2(\t)-48(\004\026)]TJ
T*
[(\023)2(\n)-8(\240\026\020)-8(\r)-9(\017\026)]TJ
/Span<</ActualText<FEFF0045>>> BDC 
(\033)Tj
EMC 
3.927 0 Td
[(\n)-2(\202)-5(\022)2(\002)7(\016)1(\r\026\023)2(\n)-8(\240\026)]TJ
/Span<</ActualText<FEFF004D>>> BDC 
(\027)Tj
EMC 
5.461 0 Td
[(\023)-3(\020)-8(\r\026)]TJ
-9.388 -1.2 Td
[(\240)-10(\017)-11(\f)-5(\023)2(\t)-46(\020)-4(\006)-9(\017)-11(\n)-6(\020)-17(\016\026\223)-5(\023\016\026\007)-6(\t)-2(\017)-8(\023)-3(\020)-1(\017)-17(\240\026\020)3(\013\026)]TJ
T*
[(\r)-9(\017)-12(\022)3(\f\026\202)-3(\t)-8(\023)-4(\240)-10(\017\026\204\026\023)-3(\020)9(\200)-16(\t)-12(\002)7(\016)3(\026\016)-13(\020)-3(\021)-9(\240)-10(\017)-11(\n)-6(\020)-17(\016\026)]TJ
T*
[(\240)-10(\017)-8(\205)1(\017)-12(\022)-7(\013)-5(\f\026\215)18(\220)25(\016)-13(\020)9(\200)-33(\007\017)-11(\n)-6(\020)-3(\021)2(\t)-48(\004\026\022)2(\002)-4(\020)-1(\017)-11(\t)-8(\023)-4(\007)-6(\002)-5(\017)-8(\016\026)]TJ
T*
[(\021)2(\016)7(\002)4(\n)-2(\202\026\020)2(\013)-7(\021)-8(\007)-10(\r)-19(\200)-4(\016\007)-6(\t)-2(\017)-17(\017)-10(\n\026\020)-15(\023\005)-9(\022)-9(\017)-18(\020\026)]TJ
T*
[(\020)-1(\017)-17(\007)-10(\r)1(\n)-7(\013)-8(\022)-7(\013)-5(\202)-40(\004)32(\036\026\003)-15(\r)-9(\017\026\255)-9(\013)-14(\007)-3(\021)2(\016\026\223)-5(\023\016\026\020)2(\013\026)]TJ
T*
[(\r)-9(\017)-8(\002\202)-7(\r)-6(\020)-1(\017)-11(\n\026\023)-1(\223)-5(\023)2(\t)-2(\017)-11(\n)-8(\017)-8(\016)11(\016\026\023)2(\n)-8(\240\026\021)2(\016\017\026)]TJ
T*
[(\013\255\026\020)-1(\017)-17(\007)-10(\r)1(\n)-7(\013)-8(\022)-7(\013)-5(\202)-40(\004\026\255)-9(\013)-5(\t\026\005)-14(\013)-2(\020)-8(\r\026\016\007)-10(\r)-7(\013)-12(\013)-8(\022\026)]TJ
T*
[(\023)2(\n)-8(\240\026\r)-7(\013)-5(\006)-9(\017)-8(\036\026\001)-1(\002)4(\n)-8(\240\026\013)-7(\021)-7(\020\026\023\005)-14(\013)-7(\021)-7(\020\026\020)-8(\r)-9(\017\026)]TJ
T*
[(\f)-6(\t)1(\013)-2(\226)-4(\017)-17(\007)-35(\020\026\023)2(\n)-8(\240\026\223)-14(\r)-2(\023)-3(\020\026\223)-5(\023\016\026\022)-9(\017)-8(\023)2(\t)-12(\n)-8(\017)-17(\240)-5(\036\026)]TJ
/T1_5 1 Tf
7.5 0 0 7.5 36 422.8841 Tm
[(\037)9(\036)-13(\035)-24(\034)-17(\033)-15(\035)-18(\036)-13(\032)-19(\031\030\027)-10(\033)-23(\026)-11(\035)-13(\035)-20(\033\030\037)9(\036)-13(\035)-18(\021)-31(\033)-7(\020\030\002)-12(\033)-22(\033)-15(\b\030\240)12(\017)4(\255)]TJ
/T1_1 1 Tf
14 0 0 14 36 404.8841 Tm
(\210\004\207)Tj
ET
q
0 0 585 765 re
W n
BT
0.428 0.433 0.443  scn
/GS0 gs
/T1_2 1 Tf
9 0 0 9 60.4156 404.8841 Tm
(\031)Tj
/Span<</ActualText<FEFF00690063>>> BDC 
6.3 0 0 6.3 96.9199 404.8841 Tm
(\037\027)Tj
EMC 
(\032)Tj
/Span<</ActualText<FEFF0063>>> BDC 
(\027)Tj
EMC 
/Span<</ActualText<FEFF0020>>> BDC 
9 0 0 9 110.7986 404.8841 Tm
(\031)Tj
EMC 
6.3 0 0 6.3 113.0486 404.8841 Tm
(\035\033\215\034)Tj
/Span<</ActualText<FEFF0069>>> BDC 
(\037)Tj
EMC 
(\t\t\023)Tj
9 0 0 9 36 394.0841 Tm
(\020\021\016\004)Tj
/Span<</ActualText<FEFF0020>>> BDC 
(\031)Tj
EMC 
6.3 0 0 6.3 54.6298 394.0841 Tm
(\r)Tj
/Span<</ActualText<FEFF006D>>> BDC 
(\030)Tj
EMC 
ET
Q
BT
/T1_3 1 Tf
9 0 0 9 36 381.1241 Tm
[(\255)100(\031\016\026\032\024\021\024\034\t)50(\030\217)40(\024\b\031\023\027\030\024\002\030\221\031\035\f\033\032\034)]TJ
5.247 0 0 5.247 140.0187 384.1211 Tm
(\245)Tj
/T1_1 1 Tf
9 0 0 9 36 368.1641 Tm
(\025\033)Tj
/Span<</ActualText<FEFF0070>>> BDC 
(\025)Tj
EMC 
(\017\021)Tj
/Span<</ActualText<FEFF006C>>> BDC 
(\027)Tj
EMC 
(\017)Tj
/Span<</ActualText<FEFF00730073>>> BDC 
(\024\024)Tj
EMC 
(\020\033\036)Tj
/Span<</ActualText<FEFF0064>>> BDC 
(\r)Tj
EMC 
(\020)Tj
T*
(\031\035\036\036\017)Tj
/Span<</ActualText<FEFF0063>>> BDC 
(\031)Tj
EMC 
(\032\017)Tj
/Span<</ActualText<FEFF0064>>> BDC 
(\r)Tj
EMC 
(\020)Tj
/Span<</ActualText<FEFF0069>>> BDC 
(\037)Tj
EMC 
(\036\020\032\013\017\020)Tj
T*
(\022\035\021\017)Tj
/Span<</ActualText<FEFF0073>>> BDC 
(\024)Tj
EMC 
(\032\020\035)Tj
/Span<</ActualText<FEFF0066>>> BDC 
(\022)Tj
EMC 
(\020)Tj
/Span<</ActualText<FEFF0052>>> BDC 
(\021)Tj
EMC 
(\017\033)Tj
/Span<</ActualText<FEFF00640069>>> BDC 
(\r\037)Tj
EMC 
(\036\016)Tj
5.247 0 0 5.247 128.456 349.5611 Tm
(\255)Tj
/T1_4 1 Tf
8 0 0 8 36 336.9641 Tm
(\031\200\b\204\013\f\204\r\020\032\034\017\013\f\020\b\200\017\016\227\032\)Tj
/T1_0 1 Tf
[(\232)90(\013\021\020\r\026)]TJ
/Span<</ActualText<FEFF0053>>> BDC 
T*
(\032)Tj
EMC 
(\017\t\205\002\007\017\016\026)Tj
/Span<</ActualText<FEFF004C>>> BDC 
(\030)Tj
EMC 
[(\002\005\t\023\t\002\023\n\201\026\210)70(\023\021\202\r\023\n\026)]TJ
T*
(\235)Tj
/Span<</ActualText<FEFF004C>>> BDC 
(\030)Tj
EMC 
(\263\026)Tj
/T1_4 1 Tf
[(\255\020\013\021\204\020\032\027)100(\n\202\023\r\201\001\023\223)80(\227)]TJ
/T1_0 1 Tf
[(\026\003)100(\017\023\007\r\017\t\200)]TJ
/Span<</ActualText<FEFF004C>>> BDC 
T*
(\030)Tj
EMC 
[(\002\005\t\023\t\002\023\n\201\026\232)90(\013\t\026\216\017\202\002\013\n\026\224)]TJ
/Span<</ActualText<FEFF0053>>> BDC 
(\032)Tj
EMC 
(\250)Tj
9 0 0 9 36 297.3641 Tm
[(\247)-2(\013)-5(\223\026\007)-16(\023)2(\n\026\223)-10(\017\026)5(\017)-17(\017)-10(\f\026\016)-13(\020)-3(\021)-10(\240)-10(\017)-11(\n)-6(\020)-17(\016\026)]TJ
T*
[(\017)-11(\n)-2(\202)-7(\023)-1(\202)-4(\017)-17(\240\026\002)4(\n\026\020)-8(\r)-9(\017\026\001)10(\013)-5(\t)-2(\017)-8(\016)-13(\020\026\013\255\026)]TJ
T*
[(\216\017)-8(\023)-4(\240)1(\002)4(\n)-2(\202)]TJ
5.247 0 0 5.247 66.3782 278.7611 Tm
(\270)Tj
9 0 0 9 71.515 275.7641 Tm
[(\026\023)2(\n)-8(\240\026\f)-6(\t)1(\013)-5(\006)-8(\013)-2(\020)-1(\017\026)]TJ
-3.946 -1.2 Td
[(\f)-5(\023)2(\t)-46(\020)-4(\n)-8(\017)-11(\t)-12(\002)4(\n)-2(\202\026\223)-10(\002)-4(\020)-8(\r\026\013)-7(\021)2(\t\026\007)4(\013)-5(\006)1(\006)-1(\021)2(\n)2(\002)-4(\020)-38(\004\026)]TJ
T*
[(\022)2(\002)2(\005)-6(\t)-8(\023)2(\t)-48(\004)13(\245\026)]TJ
/Span<</ActualText<FEFF0057>>> BDC 
(\037)Tj
EMC 
4.117 0 Td
[(\017\026\240)-10(\017)-17(\007)-6(\002)-5(\240)-10(\017)-17(\240\026\020)2(\013\026\006)-3(\023)5(\017\026)]TJ
-4.117 -1.2 Td
[(\020)-8(\r)-9(\017\026\001)10(\013)-5(\t)-2(\017)-8(\016)-13(\020\026\013\255\026\216\017)-8(\023)-4(\240)1(\002)4(\n)-2(\202)]TJ
5.247 0 0 5.247 116.1528 246.3611 Tm
(\270)Tj
9 0 0 9 121.2896 243.3641 Tm
(\026)Tj
-9.477 -1.2 Td
[(\f)-6(\t)1(\013)-5(\202)-3(\t)-8(\023)2(\006\026\007)4(\013)-5(\006)1(\f)-9(\022)-9(\017)-18(\020)-1(\017)-12(\022)-9(\004\026\013)-5(\n\022)2(\002)4(\n)-8(\017\026\207\026)]TJ
T*
[(\021)2(\016)7(\002)4(\n)-2(\202\026)]TJ
/Span<</ActualText<FEFF004D>>> BDC 
(\027)Tj
EMC 
3.406 0 Td
[(\013)-12(\013)-14(\240)-1(\022)-9(\017)-8(\036\026\003)-15(\r)-9(\017\026\001)10(\013)-5(\t)-2(\017)-8(\016)-13(\020\026\013\255\026)]TJ
-3.406 -1.2 Td
[(\216\017)-8(\023)-4(\240)1(\002)4(\n)-2(\202)]TJ
5.247 0 0 5.247 66.3782 213.9611 Tm
(\270)Tj
9 0 0 9 71.515 210.9641 Tm
[(\026\f)-6(\t)1(\013)-5(\202)-3(\t)-8(\023)2(\006\026\020)-4(\t)-8(\023)-4(\007)-8()-8(\002)4(\n)-2(\202\026\223)-5(\023\016\026)]TJ
-3.946 -1.2 Td
[(\020)2(\013)-2(\020)-15(\023)-1(\022)1(\022)-9(\004\026\f)-5(\023)2(\f)-17(\017)-11(\t)-14(\022)-9(\017)-8(\016)11(\016)-8(\201\026\007)4(\013)-5(\006)1(\f)-9(\022)-9(\017)-18(\020)-1(\017)-12(\022)-9(\004\026)]TJ
T*
[(\023)-4(\007)1(\007)4(\013)-7(\021)2(\n)-6(\020)-15(\023\005)-9(\022)-9(\017)-10(\201\026\016)5(\021)2(\f)-6(\f)-14(\013)-5(\t)-46(\020)-1(\017)-17(\240\026)]TJ
T*
[(\020)-8(\r)-9(\017\026\002)-5(\240)-10(\017)-8(\023\026\013\255\026\023\026\215)-32(\212)]TJ
/Span<</ActualText<FEFF200A>>> BDC 
(\026)Tj
EMC 
6.469 0 Td
(\256)Tj
/Span<</ActualText<FEFF200A>>> BDC 
(\026)Tj
EMC 
0.451 0 Td
(\b\026)Tj
/Span<</ActualText<FEFF004C>>> BDC 
(\030)Tj
EMC 
1.224 0 Td
[(\017)-8(\023)2(\t)-12(\n)2(\002)4(\n)-2(\202\026)]TJ
0.005 Tc -0.005 Tw /Span<</ActualText<FEFF0043>>> BDC 
-8.143 -1.2 Td
(\034)Tj
EMC 
0.6 0 Td
[(\013\006)6(\006)-3(\013\n)7(\016)-1(\036)5(\026)]TJ
/T1_3 1 Tf
-0.003 Tc 0.003 Tw 4.273 0 Td
[(\202\021)-14(\031)-12(\036)]TJ
/T1_5 1 Tf
0 Tc 0 Tw 7.5 0 0 7.5 36 158.7641 Tm
[(\037)9(\036)-13(\035)-24(\034)-17(\033)-15(\035)-18(\036)-13(\032)-19(\031\030\n)-13(\033)-25(\034)-17(\026\030\205)-12(\033)-15(\b)-8(\007)-17(\036)-13(\035\020\030\201)46(\036)-13(\032)-14(\036)-13(\035)-18(\021)-29(\036\030\240)12(\017)4(\255)]TJ
/T1_1 1 Tf
14 0 0 14 167.25 647.2841 Tm
(\210\004\001)Tj
ET
q
0 0 585 765 re
W n
BT
0.428 0.433 0.443  scn
/GS0 gs
/T1_2 1 Tf
9 0 0 9 190.0835 647.2841 Tm
(\031)Tj
/Span<</ActualText<FEFF006D>>> BDC 
6.3 0 0 6.3 236.4147 647.2841 Tm
(\030)Tj
EMC 
(\032)Tj
/Span<</ActualText<FEFF00630063>>> BDC 
(\027\027)Tj
EMC 
/Span<</ActualText<FEFF0020>>> BDC 
9 0 0 9 253.9347 647.2841 Tm
(\031)Tj
EMC 
(\026\025\006)Tj
6.3 0 0 6.3 270.8905 647.2841 Tm
(\033)Tj
9 0 0 9 167.25 636.4841 Tm
(\020\021\016\004)Tj
/Span<</ActualText<FEFF0020>>> BDC 
(\031)Tj
EMC 
6.3 0 0 6.3 185.8798 636.4841 Tm
(\r)Tj
/Span<</ActualText<FEFF006D>>> BDC 
(\030)Tj
EMC 
ET
Q
BT
/T1_3 1 Tf
9 0 0 9 167.25 623.524 Tm
[(\001\031\035\b\032\033\032\034\030\200)25(\024\036\036\024\032\023\030)]TJ
T*
(\001\033\022\b\035\b\t\030\f\031\023\033\034\032)Tj
/T1_1 1 Tf
0 -1.44 TD
(\037\b\033\016)Tj
/Span<</ActualText<FEFF0069>>> BDC 
(\037)Tj
EMC 
(\036\017\217\020)Tj
/Span<</ActualText<FEFF004F0075>>> BDC 
(\035\030)Tj
EMC 
(\032)Tj
/Span<</ActualText<FEFF0064>>> BDC 
(\r)Tj
EMC 
[(\033)70(\032\017)]TJ
/Span<</ActualText<FEFF0064>>> BDC 
(\r)Tj
EMC 
(\020\032\035\020)Tj
0 -1.2 TD
(\030)Tj
/Span<</ActualText<FEFF00700064>>> BDC 
(\025\r)Tj
EMC 
[(\033)70(\032\017)]TJ
/Span<</ActualText<FEFF0064>>> BDC 
(\r)Tj
EMC 
(\020\024\013\035\017)Tj
/Span<</ActualText<FEFF0073>>> BDC 
(\024)Tj
EMC 
(\032\021)Tj
/Span<</ActualText<FEFF0069>>> BDC 
(\037)Tj
EMC 
(\036\016\020)Tj
T*
(\026)Tj
/Span<</ActualText<FEFF00750064>>> BDC 
(\030\r)Tj
EMC 
(\016\017\032\020)Tj
/Span<</ActualText<FEFF004D>>> BDC 
(\b)Tj
EMC 
(\033\f\017\035\034\017\021)Tj
/T1_4 1 Tf
8 0 0 8 167.25 565.6841 Tm
(\036\r\201\020\021\204\r\023\032\030\204\253\253\204\b\n\013\013\017\227\\032)Tj
/T1_0 1 Tf
/Span<</ActualText<FEFF004C>>> BDC 
T*
(\030)Tj
EMC 
[(\002\005\t\023\t\002\023\n\201\026\003)100(\013\t\013\n\020\013\026\235)]TJ
/Span<</ActualText<FEFF004C>>> BDC 
(\030)Tj
EMC 
(\263\026)Tj
/T1_4 1 Tf
(\036\r\r\020\032)Tj
T*
[(\034\212\025\n\021\021\204\023\r\243\031)25(\017\013\f\020\021\021\017\227)]TJ
/T1_0 1 Tf
[(\026\003)100(\017\023\007\r\017\t\200)]TJ
/Span<</ActualText<FEFF004C>>> BDC 
0 -1.2 TD
(\030)Tj
EMC 
[(\002\005\t\023\t\002\023\n\201\026\003)100(\013\t\013\n\020\013\026\224)]TJ
/Span<</ActualText<FEFF0053>>> BDC 
(\032)Tj
EMC 
(\250)Tj
/Span<</ActualText<FEFF0041>>> BDC 
9 0 0 9 167.25 522.4841 Tm
(\035)Tj
EMC 
[(\026\016\007)-10(\r)-7(\013)-12(\013)-8(\022\026\022)2(\002)2(\005)-6(\t)-8(\023)2(\t)-48(\004\026\n)-8(\017)-17(\017)-17(\240)-10(\017)-17(\240\026)]TJ
0 -1.2 TD
[(\021)2(\f)-17(\240)-3(\023)-3(\020)-4(\002)4(\n)-2(\202\026\002)4(\n\026\f)-6(\t)-2(\017)-11(\f)-5(\023)2(\t)-8(\023)-3(\020)-4(\002)-3(\013)-5(\n\026\255)-9(\013)-5(\t\026)]TJ
T*
[(\020)-8(\r)-9(\017\026\020)-4(\t)-8(\023)2(\n)2(\016)7(\002)-4(\020)-4(\002)-3(\013)-5(\n\026\255)-12(\t)1(\013)-5(\006\026\246\026\207\026\024\026\020)2(\013\026)]TJ
T*
[(\246\026\207\026\203)-20(\036\026)]TJ
/Span<</ActualText<FEFF0057>>> BDC 
(\037)Tj
EMC 
3.52 0 Td
[(\002)-4(\020)-8(\r\026\n)-7(\013\026\006)-8(\013)-5(\n)-8(\017)-10(\004)28(\201\026\005)-8(\021)-7(\020\026\022)-7(\013)-2(\020)-17(\016\026)]TJ
-3.52 -1.2 Td
[(\013\255\026\002)4(\006)-3(\023)-1(\202)-3(\002)4(\n)-2(\023)-3(\020)-4(\002)-3(\013)-5(\n\026\023)2(\n)-8(\240\026\007)-6(\t)-2(\017)-8(\023)-3(\020)-4(\002)-3(\205)-5(\002)-4(\020)-38(\004\026)]TJ
T*
[(\007)4(\013)-7(\021)2(\f)-9(\022)-9(\017)-17(\240\026\223)-10(\002)-4(\020)-8(\r\026\223)-10(\017)-17(\017)-17(\240)1(\002)4(\n)-2(\202\026\023)2(\n)-8(\240\026)]TJ
T*
[(\006)-8(\013)2(\205)-5(\002)4(\n)-2(\202\026\255)-14(\021)2(\t)-12(\n)2(\002)-4(\020)-3(\021)2(\t)-2(\017)-10(\201\026\023\026\255)-12(\t)-2(\017)-8(\016)2(\r\026)]TJ
T*
[(\023)2(\n)-8(\240\026\021)2(\f)-17(\240)-3(\023)-3(\020)-1(\017)-17(\240\026\022)-9(\017)-8(\023)2(\t)-12(\n)2(\002)4(\n)-2(\202\026\016)5(\f)-5(\023)-4(\007\017\026)]TJ
T*
[(\223)-5(\023\016\026\007)-6(\t)-2(\017)-8(\023)-3(\020)-1(\017)-17(\240)-5(\036\026\001)-1(\002)4(\n)-8(\240\026\013)-7(\021)-7(\020\026\r)-7(\013)-5(\223\026)]TJ
T*
[(\023)-4(\240)1(\006)1(\002)4(\n)2(\002)7(\016)-13(\020)-4(\t)-8(\023)-3(\020)2(\013)-5(\t)-11(\016\026\223)-10(\017)-11(\t)-2(\017\026\007)4(\013)-5(\n)4(\205)-5(\002)4(\n)-8(\007\017)-17(\240\026)]TJ
T*
[(\020)2(\013\026\002)4(\n)4(\205)1(\017)-8(\016)-13(\020\026\002)4(\n\026\020)-8(\r)-9(\017\026\022)2(\002)2(\005)-6(\t)-8(\023)2(\t)-48(\004\026\255)-9(\013)-5(\t\026\255)-14(\021)-7(\020)-3(\021)2(\t)-2(\017\026)]TJ
0.003 Tc -0.003 Tw T*
[(\202)-1(\017)-8(\n)-5(\017)-8(\t)-5(\023\020)-1(\002\013)-2(\n)5(\016)-3(\036)3(\026)]TJ
/T1_3 1 Tf
-0.003 Tc 0.003 Tw 5.444 0 Td
[(\202\021)-14(\031)-12(\036)]TJ
/T1_1 1 Tf
0 Tc 0 Tw 14 0 0 14 167.25 373.2041 Tm
(\210\004\210)Tj
ET
q
0 0 585 765 re
W n
BT
0.428 0.433 0.443  scn
/GS0 gs
/T1_2 1 Tf
9 0 0 9 191.9175 373.2041 Tm
(\031)Tj
/Span<</ActualText<FEFF006D>>> BDC 
6.3 0 0 6.3 234.6823 373.2041 Tm
(\030)Tj
EMC 
(\032)Tj
/Span<</ActualText<FEFF00630063>>> BDC 
(\027\027)Tj
EMC 
/Span<</ActualText<FEFF0020>>> BDC 
9 0 0 9 252.2023 373.2041 Tm
(\031)Tj
EMC 
(\026\025\024)Tj
/Span<</ActualText<FEFF0064>>> BDC 
6.3 0 0 6.3 270.544 373.2041 Tm
(\001)Tj
EMC 
9 0 0 9 167.25 362.4041 Tm
(\020\021\016\004)Tj
/Span<</ActualText<FEFF0020>>> BDC 
(\031)Tj
EMC 
6.3 0 0 6.3 185.8798 362.4041 Tm
(\r)Tj
/Span<</ActualText<FEFF006D>>> BDC 
(\030)Tj
EMC 
ET
Q
BT
/T1_3 1 Tf
9 0 0 9 167.25 349.4441 Tm
[(\200\r\b\b\033\016\r\021\r\036\030\255)100(\031\016\026\032\024\021\024\034\t)]TJ
/T1_1 1 Tf
0 -1.44 TD
(\027)Tj
/Span<</ActualText<FEFF0069>>> BDC 
(\037)Tj
EMC 
(\032\020\031)Tj
/Span<</ActualText<FEFF0069>>> BDC 
(\037)Tj
EMC 
(\021)Tj
/Span<</ActualText<FEFF0063006C>>> BDC 
(\031\027)Tj
EMC 
(\017)Tj
/Span<</ActualText<FEFF0073>>> BDC 
(\024)Tj
EMC 
(\020)Tj
/Span<</ActualText<FEFF0047>>> BDC 
(\016)Tj
EMC 
(\035\020)Tj
/Span<</ActualText<FEFF0047>>> BDC 
0 -1.2 TD
(\016)Tj
EMC 
(\021\033)Tj
/Span<</ActualText<FEFF0070>>> BDC 
(\025)Tj
EMC 
(\013)Tj
/Span<</ActualText<FEFF00690063>>> BDC 
(\037\031)Tj
EMC 
(\020\033\036)Tj
/Span<</ActualText<FEFF0064>>> BDC 
(\r)Tj
EMC 
(\020)Tj
/Span<</ActualText<FEFF00570069>>> BDC 
(\006\037)Tj
EMC 
(\f)Tj
/Span<</ActualText<FEFF0069>>> BDC 
(\037)Tj
EMC 
(\023)Tj
/Span<</ActualText<FEFF0064006C>>> BDC 
T*
(\r\027)Tj
EMC 
1.212 0 Td
(\t\020)Tj
/Span<</ActualText<FEFF0057>>> BDC 
(\006)Tj
EMC 
(\035\036)Tj
/Span<</ActualText<FEFF0064>>> BDC 
(\r)Tj
EMC 
(\017\021)Tj
/Span<</ActualText<FEFF00660075006C>>> BDC 
(\022\030\027)Tj
EMC 
(\220)Tj
/T1_4 1 Tf
8 0 0 8 167.25 305.2841 Tm
(\037\023\b\f\200\023\032\037\023\b\f\204\r\227\032)Tj
/T1_0 1 Tf
[(\003)100(\017\023\007\r\017\t\200)]TJ
/Span<</ActualText<FEFF004C>>> BDC 
T*
(\030)Tj
EMC 
(\002\005\t\023\t\002\023\n\201\026\214)Tj
/Span<</ActualText<FEFF00450043>>> BDC 
(\033\034)Tj
EMC 
(\224)Tj
/Span<</ActualText<FEFF0053>>> BDC 
(\032)Tj
EMC 
(\250)Tj
/Span<</ActualText<FEFF0057>>> BDC 
9 0 0 9 167.25 284.8841 Tm
(\037)Tj
EMC 
0.834 0 Td
[(\023)2(\n)-6(\020\026\020)2(\013\026\002)4(\n)-8(\007)-6(\002)-4(\020)-1(\017\026\023\026\022)2(\002)1(\255)-13(\017)-12(\022)-7(\013)-5(\n)-2(\202\026)]TJ
-0.834 -1.2 Td
[(\f)-5(\023\016)11(\016)7(\002)-3(\013)-5(\n\026\255)-9(\013)-5(\t\026\t)-2(\017)-8(\023)-4(\240)1(\002)4(\n)-2(\202\026\002)4(\n\026\004)1(\013)-7(\021)2(\t\026)]TJ
T*
[(\016)-13(\020)-3(\021)-10(\240)-10(\017)-10(\n)-6(\020)-17(\016)15(\245\026\216\017)-8(\023)-4(\240)-11(\004\026\020)2(\013\026\020)-4(\t)-48(\004\026)]TJ
T*
[(\n)-8(\017)-14(\223\026\223)-5(\023)4(\004)-7(\016\026\020)2(\013\026\023)-4(\007)-10(\r)2(\002)-5(\017)-8(\205)1(\017\026\004)1(\013)-7(\021)2(\t\026)]TJ
T*
[(\022)-9(\017)-8(\023)2(\t)-12(\n)2(\002)4(\n)-2(\202\026\202\013)-2(\023)-1(\022)2(\016\026\023)2(\n)-8(\240\026\017)-11(\n)-2(\202)-7(\023)-1(\202)-4(\017\026)]TJ
T*
[(\004)1(\013)-7(\021)2(\t\026\016)-13(\020)-3(\021)-10(\240)-10(\017)-11(\n)-6(\020)-17(\016)15(\245\026\001)-1(\002)4(\n)-8(\240\026\013)-7(\021)-7(\020\026\r)-7(\013)-5(\223\026)]TJ
T*
[(\202)-3(\t)-8(\023)2(\f)-10(\r)2(\002)-3(\007\026\n)-7(\013)2(\205)1(\017)-12(\022)2(\016\026\023)2(\n)-8(\240\026\223)-10(\002)2()-8(\002)7(\016\026)]TJ
T*
[(\007)-16(\023)2(\n\026\t)-2(\017)-8(\226)3(\021)-6(\205)1(\017)-11(\n)-2(\023)-3(\020)-1(\017\026\020)-4(\t)-8(\023)-4(\240)1(\002)-4(\020)-4(\002)-3(\013)-5(\n)-2(\023)-1(\022\026)]TJ
T*
[(\022)2(\002)-4(\020\026\007)-6(\002)4(\t)1(\007)-8(\022)-9(\017)-8(\016)-6(\036\026\216\017)-17(\007\017)-8(\002)-3(\205)1(\017\026\f)-6(\t)-8(\023)-4(\007)-35(\020)-4(\002)-3(\007)-16(\023)-1(\022)-4(\201\026)]TJ
T*
[(\t)-2(\017)-8(\023)-4(\240)-11(\004)-13(\200)-12(\020)3(\013)-35(\200)-18(\021)2(\016\017\026\t)-2(\017)-8(\016\013)-7(\021)2(\t)1(\007\017)-8(\016\026\020)-8(\r)-2(\023)-3(\020\026)]TJ
T*
[(\r)-2(\023)7(\205)1(\017\026\005)-17(\017)-17(\017)-11(\n\026\020)-1(\017)-8(\023)-4(\007)-10(\r)-9(\017)-11(\t)23(\200)-12(\020)-1(\017)-8(\016)-13(\020)-1(\017)-17(\240\026\023)2(\n)-8(\240\026)]TJ
-0.002 Tc 0.002 Tw T*
[()-10(\002)-7(\240)-21(\200)-13(\023\f)-8(\f)-8(\t)-1(\013\205)-1(\017)-19(\240)]TJ
/T1_3 1 Tf
0 Tc 0 Tw 5.455 0 Td
[(\246\030\006)-17(\024)-7(\027)-13(\026)]TJ
/T1_5 1 Tf
7.5 0 0 7.5 167.25 157.084 Tm
[(\037)9(\036)-13(\035)-24(\034)-17(\033)-15(\035)-18(\036)-13(\032)-19(\031\030\004)2(\026)-19(\021)-18(\217)-20(\033)-15(\032)-28(\024)-11(\035)-20(\033\030\017)-15(\217)-21(\026)-21(\220)37(\020\030\002)-12(\033)-22(\033)-15(\b\030\240)12(\017)4(\255)]TJ
/T1_1 1 Tf
14 0 0 14 298.5 647.2841 Tm
(\210\004\211)Tj
ET
q
0 0 585 765 re
W n
BT
0.428 0.433 0.443  scn
/GS0 gs
/T1_2 1 Tf
9 0 0 9 322.0616 647.2841 Tm
(\031)Tj
/Span<</ActualText<FEFF00690063>>> BDC 
6.3 0 0 6.3 356.0373 647.2841 Tm
(\037\027)Tj
EMC 
(\032)Tj
/Span<</ActualText<FEFF0063>>> BDC 
(\027)Tj
EMC 
/Span<</ActualText<FEFF0020>>> BDC 
9 0 0 9 369.9161 647.2841 Tm
(\031)Tj
EMC 
6.3 0 0 6.3 372.1661 647.2841 Tm
(\215)Tj
/Span<</ActualText<FEFF0069>>> BDC 
(\037)Tj
EMC 
(\036\005)Tj
/Span<</ActualText<FEFF0073>>> BDC 
(\n)Tj
EMC 
[(\217\033)50(\007)]TJ
9 0 0 9 298.5 636.4841 Tm
(\020\021\016\004)Tj
/Span<</ActualText<FEFF0020>>> BDC 
(\031)Tj
EMC 
6.3 0 0 6.3 317.1298 636.4841 Tm
(\r)Tj
/Span<</ActualText<FEFF006D>>> BDC 
(\030)Tj
EMC 
ET
Q
BT
/T1_3 1 Tf
9 0 0 9 298.5 623.524 Tm
[(\200)18(\t\022\031\b\203\022\r\021\021\t\033\032\034\030\216\033\034\033\027\035\\021\030\016\033\027\033\244\031\032\023\026\033\025)]TJ
/T1_1 1 Tf
0 -1.44 TD
(\037\036\032\017\021\036\017\032\020\024\033)Tj
/Span<</ActualText<FEFF0066>>> BDC 
(\022)Tj
EMC 
(\017\032\t\020)Tj
0 -1.2 TD
(\033\036)Tj
/Span<</ActualText<FEFF0064>>> BDC 
(\r)Tj
EMC 
(\020\025\021\017\034\017\036\032)Tj
/Span<</ActualText<FEFF0069>>> BDC 
(\037)Tj
EMC 
(\036\016\020)Tj
0 -1.2 TD
(\031\t)Tj
/Span<</ActualText<FEFF0062>>> BDC 
(\026)Tj
EMC 
(\017\021\023\026)Tj
/Span<</ActualText<FEFF0075006C006C>>> BDC 
(\030\027\027)Tj
EMC 
5.933 0 Td
(\t)Tj
/Span<</ActualText<FEFF0069>>> BDC 
(\037)Tj
EMC 
(\036\016)Tj
/T1_4 1 Tf
8 0 0 8 298.5 576.4841 Tm
(\031\204\r\001\223\032\025\023\b\201\020\023\r\f\227\032)Tj
/T1_0 1 Tf
/Span<</ActualText<FEFF0053>>> BDC 
(\032)Tj
EMC 
(\020\021\240\017\n\020\026)Tj
/Span<</ActualText<FEFF0053>>> BDC 
(\032)Tj
EMC 
(\021\007\007\017\016\016\026)Tj
T*
[(\003)100(\017\023\007\r\017\t\263\026)]TJ
/T1_4 1 Tf
(\033\017\201\020\b\032\024\020\204\r\227)Tj
/T1_0 1 Tf
[(\026\003)100(\017\023\007\r\017\t\200)]TJ
/Span<</ActualText<FEFF004C>>> BDC 
T*
(\030)Tj
EMC 
(\002\005\t\023\t\002\023\n\263\026\246\023\223\023\t\020\r\023\026\235\002\\n\017\026\216\002\240\202\017\026\224)Tj
/Span<</ActualText<FEFF0053>>> BDC 
(\032)Tj
EMC 
(\250)Tj
9 0 0 9 298.5 542.8841 Tm
[(\003)57(\017)-17(\211)-37(\020)-4(\002)4(\n)-2(\202\026\023)2(\n)-8(\240\026\016\013)-14(\007)-6(\002)2(\023)-1(\022\026\n)-8(\017)-18(\020)-38(\223)-7(\013)-5(\t)-14()-8(\002)4(\n)-2(\202\026)]TJ
T*
[(\f)-8(\021)-7(\020\026\016)-13(\020)-3(\021)-9(\240)-10(\017)-11(\n)-6(\020)-17(\016\026\023)-3(\020\026\t)-12(\002)7(\016)3(\026\013\255\026\007)-36(\004)-9(\005)-17(\017)-11(\t)23(\200)]TJ
T*
[(\005)-8(\021\022)1(\022)-9(\004)-8(\002)4(\n)-2(\202)3(\036\026\003)-15(\r)-9(\017\026\016\007)-10(\r)-7(\013)-12(\013)-8(\022\026\022)2(\002)2(\005)-6(\t)-8(\023)2(\t)-48(\004\026\002)7(\016\026)]TJ
T*
[(\020)-8(\r)-9(\017\026\f)-17(\017)-11(\t)-41(\255)-13(\017)-17(\007)-35(\020\026\f)-9(\022)-2(\023)-4(\007\017\026\020)2(\013\026\f)-6(\t)1(\013)2(\205)-5(\002)-5(\240)-10(\017\026)]TJ
T*
[(\t)-2(\017)-8(\016\013)-7(\021)2(\t)1(\007\017)-8(\016\026\023)2(\n)-8(\240\026\016)5(\021)2(\f)-6(\f)-14(\013)-5(\t)-46(\020\026\255)-8(\013)-5(\t\026)]TJ
T*
[(\016)-13(\020)-3(\021)-10(\240)-10(\017)-10(\n)-6(\020)-17(\016)-8(\201\026\020)-1(\017)-8(\023)-4(\007)-10(\r)-9(\017)-11(\t)-11(\016)-8(\201\026\023)2(\n)-8(\240\026\f)-5(\023)2(\t)-2(\017)-11(\n)-6(\020)-17(\016\026)]TJ
T*
[(\013)-5(\n\026\r)-7(\013)-5(\223\026\020)2(\013\026\016)2(\023)2(\255)-13(\017)-12(\022)-9(\004\026\021)2(\016\017\026\020)-8(\r)-9(\017\026)]TJ
T*
[(\002)4(\n)-6(\020)-1(\017)-11(\t)-12(\n)-8(\017)-18(\020\026\023)2(\n)-8(\240\026\007\017)-12(\022)1(\022\026\f)-10(\r)-7(\013)-5(\n)-8(\017)-8(\016)-6(\036\026\003)-15(\r)2(\002)7(\016\026)]TJ
T*
[(\f)-6(\t)-8(\023)-4(\007)-35(\020)-4(\002)-3(\007)-16(\023)-1(\022\026\f)-6(\t)-2(\017)-8(\016\017)-11(\n)-6(\020)-15(\023)-3(\020)-4(\002)-3(\013)-5(\n\026\223)-10(\002)2(\022)1(\022\026\202)-3(\002)-3(\205)1(\017\026)]TJ
T*
[(\t)-2(\017)-8(\016\013)-7(\021)2(\t)1(\007\017)-8(\016)-8(\201\026\002)4(\n)-8(\007)-8(\022)1(\021)-10(\240)1(\002)4(\n)-2(\202\026\013)-5(\n\022)2(\002)4(\n)-8(\017\026)]TJ
T*
[(\205)-5(\002)-5(\240)-10(\017)-15(\013)2(\016)-8(\201\026\223)-10(\017)-12(\005\026\f)-5(\023)-1(\202)-4(\017)-8(\016)-8(\201\026\f)-14(\013)-14(\240)-9(\007)-16(\023\016)-13(\020)-16(\016)-8(\201\026)]TJ
T*
[(\016)-13(\020)-4(\t)-8(\023)-3(\020)-1(\017)-12(\202)-3(\002)-5(\017)-8(\016)-8(\201\026\023)2(\n)-8(\240\026\022)-9(\017)-8(\016)11(\016\013)-5(\n\026\f)-9(\022)-2(\023)2(\n)2(\016)]TJ
/T1_3 1 Tf
11.618 0 Td
(\020\030)Tj
/T1_5 1 Tf
7.5 0 0 7.5 298.5 415.0841 Tm
[(\037)9(\036)-13(\035)-24(\034)-17(\033)-15(\035)-18(\036)-13(\032)-19(\031\030\004)9(\033)-15(\b)-13(\b)-20(\013\030\240)-22(\024)-11(\024)-13(\036)-13(\032)-28(\024)-13(\036)7(\020\030\240)12(\017)4(\255\030\036)-14(\022\030)]TJ
0.012 Tc -0.012 Tw 0 -1.44 TD
[(\205)5(\024)-4(\026)-7(\t\026)1(\032\026)]TJ
/T1_1 1 Tf
0 Tc 0 Tw 14 0 0 14 298.5 386.2841 Tm
(\210\004\212)Tj
ET
q
0 0 585 765 re
W n
BT
0.428 0.433 0.443  scn
/GS0 gs
/T1_2 1 Tf
9 0 0 9 322.5375 386.2841 Tm
(\031)Tj
/Span<</ActualText<FEFF00690063>>> BDC 
6.3 0 0 6.3 360.0247 386.2841 Tm
(\037\027)Tj
EMC 
(\032)Tj
/Span<</ActualText<FEFF0063>>> BDC 
(\027)Tj
EMC 
/Span<</ActualText<FEFF0020>>> BDC 
9 0 0 9 373.9034 386.2841 Tm
(\031)Tj
EMC 
/Span<</ActualText<FEFF0063>>> BDC 
6.3 0 0 6.3 376.1534 386.2841 Tm
(\027)Tj
EMC 
(\033\t\023)Tj
/Span<</ActualText<FEFF0064>>> BDC 
(\001)Tj
EMC 
(\035\036)Tj
9 0 0 9 298.5 375.4841 Tm
(\020\021\016\004)Tj
/Span<</ActualText<FEFF0020>>> BDC 
(\031)Tj
EMC 
6.3 0 0 6.3 317.1298 375.4841 Tm
(\r)Tj
/Span<</ActualText<FEFF006D>>> BDC 
(\030)Tj
EMC 
ET
Q
BT
/T1_3 1 Tf
9 0 0 9 298.5 362.5241 Tm
[(\202\203\022\024\024\n\023\030\200)25(\024\021\021\031\016\027\033\024\032\030\f\031\017\031\021\024\025\036\031\\032\027)]TJ
/T1_1 1 Tf
/Span<</ActualText<FEFF004F>>> BDC 
T*
(\035)Tj
EMC 
(\034\017\021)Tj
/Span<</ActualText<FEFF0064>>> BDC 
(\r)Tj
EMC 
(\021)Tj
/Span<</ActualText<FEFF0069>>> BDC 
(\037)Tj
EMC 
(\034\017\020)Tj
/Span<</ActualText<FEFF0069>>> BDC 
(\037)Tj
EMC 
(\036\020)Tj
/Span<</ActualText<FEFF004F>>> BDC 
0 -1.2 TD
(\035)Tj
EMC 
[(\036\032)70(\033\021)]TJ
/Span<</ActualText<FEFF0069>>> BDC 
(\037)Tj
EMC 
(\035\020\027)Tj
/Span<</ActualText<FEFF00690062>>> BDC 
(\037\026)Tj
EMC 
(\021\033\021)Tj
/Span<</ActualText<FEFF0069>>> BDC 
(\037)Tj
EMC 
(\017)Tj
/Span<</ActualText<FEFF0073>>> BDC 
(\024)Tj
EMC 
/T1_4 1 Tf
8 0 0 8 298.5 326.2841 Tm
[(\031\021\023\n\001\204\023\032\235)60(\020\204\013\013\202\023\r\227\032)]TJ
/T1_0 1 Tf
(\210\002\007\017\200\235\t\017\016\002\240\017\n\020\026)Tj
T*
(\013\255\026)Tj
/Span<</ActualText<FEFF0053>>> BDC 
(\032)Tj
EMC 
(\023\022\017\016\263\026)Tj
/T1_4 1 Tf
[(\025\200\023\r\r\017\r\032\255\204\007\200\f\223)80(\227)]TJ
/T1_0 1 Tf
(\026)Tj
/Span<</ActualText<FEFF004D>>> BDC 
(\027)Tj
EMC 
(\023\n\023\202\017\t\026)Tj
T*
(\013\255\026)Tj
/Span<</ActualText<FEFF004C>>> BDC 
(\030)Tj
EMC 
(\002\005\t\023\t\004\026\235\023\t\020\n\017\t\026)Tj
/Span<</ActualText<FEFF0053>>> BDC 
(\032)Tj
EMC 
(\017\t\205\002\007\017\016\263\026\026)Tj
/Span<</ActualText<FEFF004F>>> BDC 
T*
(\031)Tj
EMC 
(\205\017\t\224\t\002\205\017\263\026)Tj
/T1_4 1 Tf
(\215\252\021\264\r\020\032\217\017\021\001\020\r\227)Tj
/T1_0 1 Tf
(\026)Tj
/Span<</ActualText<FEFF0053004F004C0053>>> BDC 
(\032\031\030\032)Tj
EMC 
9 0 0 9 298.5 283.0841 Tm
[(\003)-15(\r)-9(\017\026\016\017)-8(\016)11(\016)7(\002)-3(\013)-5(\n\026\223)-10(\002)2(\022)1(\022\026\005)-17(\017\026\255)-12(\t)1(\013)-5(\006\026)]TJ
T*
[(\020)-8(\r)-9(\017\026\f)-17(\017)-11(\t)-11(\016)5(\f)-17(\017)-17(\007)-35(\020)-4(\002)-3(\205)1(\017\026\013\255\026\f)-8(\021\005)-9(\022)2(\002)-3(\007\026)]TJ
T*
[(\016\017)-11(\t)-44(\205)-5(\002)-3(\007\017)-10(\201\026\216\017)-8(\023)-4(\240)-10(\017)-11(\t)-11(\016)7(\244\026)]TJ
/Span<</ActualText<FEFF0041>>> BDC 
(\035)Tj
EMC 
7.904 0 Td
[(\240)-7(\205)-5(\002)7(\016\013)-5(\t)-48(\004)28(\201\026)]TJ
-7.904 -1.2 Td
[(\023)2(\n)-8(\240\026\007)4(\013)-8(\022)1(\022)-9(\017)-17(\007)-35(\020)-4(\002)-3(\013)-5(\n\026\240)-10(\017)-8(\205)1(\017)-12(\022)-7(\013)-5(\f)-6(\006)-9(\017)-11(\n)-6(\020)-14(\263\026)]TJ
T*
[(\023)2(\n)-8(\240\026\223)-10(\002)2(\022)1(\022\026\007)4(\013)2(\205)1(\017)-11(\t\026\020)-8(\r)-9(\017\026\007)4(\013)-5(\n)2(\016\013)-5(\t)-45(\020)-4(\002)4(\021)2(\006\026)]TJ
T*
[(\007)4(\013)-8(\022)1(\022)-9(\017)-17(\007)-35(\020)-4(\002)-3(\013)-5(\n)-4(\201\026\020)-4(\t)-2(\017)-11(\n)-8(\240)2(\016)-8(\201\026\002)7(\016)11(\016)5(\021)-10(\017)-8(\016\026\236)-6(\002)1(\036)]TJ
/Span<</ActualText<FEFF200A>>> BDC 
(\026)Tj
EMC 
11.514 0 Td
[(\017)-8(\036\026)]TJ
-11.514 -1.2 Td
[(\001)28(\t)-2(\017)-11(\n)-8(\007)-10(\r\026\022)-1(\023)2(\n)-2(\202)-5(\021)-3(\023)-1(\202)-4(\017)19(\237)29(\201\026\023)2(\n)-8(\240\026\020)-8(\r)-9(\017\026\t)2(\013)-8(\022)-9(\017\026)]TJ
T*
[(\013\255\026\020)-8(\r)-9(\017\026)]TJ
/Span<</ActualText<FEFF0041>>> BDC 
(\035)Tj
EMC 
3.254 0 Td
[(\240)-7(\205)1(\023)2(\n)-6(\020)-15(\023)-1(\202)-4(\017\026\f)-5(\023)2(\t)-46(\020)-4(\n)-8(\017)-11(\t)-11(\016)-6(\036)]TJ
/T1_1 1 Tf
14 0 0 14 298.5 189.4841 Tm
(\210\004\213)Tj
ET
q
0 0 585 765 re
W n
BT
0.428 0.433 0.443  scn
/GS0 gs
/T1_2 1 Tf
9 0 0 9 323.1675 189.4841 Tm
(\031)Tj
/Span<</ActualText<FEFF006D>>> BDC 
6.3 0 0 6.3 367.3766 189.4841 Tm
(\030)Tj
EMC 
(\032)Tj
/Span<</ActualText<FEFF00630063>>> BDC 
(\027\027)Tj
EMC 
/Span<</ActualText<FEFF0020>>> BDC 
9 0 0 9 384.8966 189.4841 Tm
(\031)Tj
EMC 
(\006\025\016)Tj
6.3 0 0 6.3 402.1405 189.4841 Tm
(\033)Tj
9 0 0 9 298.5 178.6841 Tm
(\020\021\016\004)Tj
/Span<</ActualText<FEFF0020>>> BDC 
(\031)Tj
EMC 
6.3 0 0 6.3 317.1298 178.6841 Tm
(\r)Tj
/Span<</ActualText<FEFF006D>>> BDC 
(\030)Tj
EMC 
ET
Q
BT
/T1_0 1 Tf
/Span<</ActualText<FEFF004C>>> BDC 
9 0 0 9 298.5 167.8841 Tm
(\030)Tj
EMC 
(\017\023\240\017\t\016\r\002\f\201\026)Tj
/Span<</ActualText<FEFF004D>>> BDC 
(\027)Tj
EMC 
(\023\n\023\202\017\006\017\n\020)Tj
/T1_1 1 Tf
0 -1.44 TD
(\027\017\033)Tj
/Span<</ActualText<FEFF0064>>> BDC 
(\r)Tj
EMC 
(\017\021)Tj
/Span<</ActualText<FEFF0073>>> BDC 
(\024)Tj
EMC 
(\013)Tj
/Span<</ActualText<FEFF00690070>>> BDC 
(\037\025)Tj
EMC 
(\020\004\003\002\004)Tj
/T1_4 1 Tf
8 0 0 8 298.5 142.4441 Tm
(\247\020\r\032\215\023\223\007\017\007\245\227\032)Tj
/T1_0 1 Tf
(\247\023\004\007\013\007\026)Tj
0 -1.2 TD
(\265\026)Tj
/Span<</ActualText<FEFF0041>>> BDC 
(\035)Tj
EMC 
(\016\016\013\007\002\023\020\017\016\026\225\n\007)Tj
9 0 0 9 298.5 118.4441 Tm
[(\221)-2(\013\026\020)-4(\002)4(\006)-9(\017\026\020)2(\013\026\t)-2(\017)-8(\023)-4(\240\026\020)-8(\r)-9(\017\026\022)-2(\023)-3(\020)-1(\017)-7(\016)-13(\020\026)]TJ
T*
[(\005)-14(\013)-12(\013)-7()-16(\016\026\013)-5(\n\026\022)-9(\017)-8(\023)-4(\240)-10(\017)-11(\t)-11(\016)1(\r)2(\002)4(\f)4(\245\026)]TJ
/Span<</ActualText<FEFF0043>>> BDC 
(\034)Tj
EMC 
9.74 0 Td
[(\021)2(\t)-12(\002)-3(\013)-7(\021)3(\016\026)]TJ
-9.74 -1.2 Td
[(\023\005)-14(\013)-7(\021)-7(\020\026\223)-14(\r)-2(\023)-3(\020\026\020)-8(\r)-9(\017\026\t)-2(\017)-8(\016\017)-8(\023)2(\t)1(\007)-10(\r\026\002)7(\016\026)]TJ
T*
