q
0 0 585 765 re
W n
q
/GS0 gs
/Fm0 Do
Q
Q
BT
/CS0 cs 0 0 0  scn
/GS1 gs
/T1_0 1 Tf
/Span<</ActualText<FEFF0009>>> BDC 
10 0 0 10 36 19.56 Tm
(\026)Tj
EMC 
8 0 0 8 214 19.56 Tm
[(\037\037\037)110(\036\035\034\034\033\032\032\031\030\035\036\034\031\027)]TJ
/Span<</ActualText<FEFF00090066007200690064>>> BDC 
(\026)Tj
27.888 0 Td
[(\001)-40(\216)-40(\225)-40(\224)]TJ
EMC 
2.277 0 Td
(\035)Tj
/Span<</ActualText<FEFF0079>>> BDC 
0.585 0 Td
(\232)Tj
EMC 
0.59 0 Td
(\026)Tj
/Span<</ActualText<FEFF0066>>> BDC 
0.29 0 Td
(\001)Tj
EMC 
0.562 0 Td
(\033)Tj
/Span<</ActualText<FEFF00620072>>> BDC 
0.579 0 Td
[(\250)-40(\216)]TJ
EMC 
1.255 0 Td
[(\242)-40(\035)]TJ
/Span<</ActualText<FEFF00720079>>> BDC 
1.375 0 Td
[(\216)-40(\232)]TJ
EMC 
1.214 0 Td
[(\026)-40(\206)]TJ
/Span<</ActualText<FEFF0009>>> BDC 
0.76 0 Td
(\026)Tj
EMC 
3.622 0 Td
(\b\025)Tj
ET
q
0 0 585 765 re
W n
q
0 g
/GS0 gs
/Fm1 Do
Q
/CS0 CS 1 1 1  SCN
3 w 4 M 
/GS0 gs
q 1 0 0 1 -59.0977 36.1518 cm
0 0 m
8.582 84.338 0 84.383 v
-8.582 84.428 -18.508 92.26 -18.225 100 c
-17.942 107.74 -7.258 114.958 0 113.149 c
7.258 111.34 -9.435 204.411 0 204.501 c
15.898 204.654 16.016 215.878 15.538 221.86 c
14.818 237.34 -6.062 224.02 0 241.128 c
2.703 248.755 -2.695 328.06 -0.959 333.1 c
0.778 338.14 -18.683 327.7 -19.033 343.18 c
-19.382 358.66 -9.662 356.86 0 354.501 c
5.818 358.3 6.062 450.294 0 448.577 c
-6.062 446.86 -18.302 445.78 -15.345 461.26 c
-12.722 477.82 -5.278 467.183 0 472.501 c
5.278 477.82 -6.178 547.506 0 555.503 c
6.178 563.5 13.378 554.5 14.098 569.62 c
13.738 585.82 6.062 574.862 0 582.141 c
-6.062 589.42 0 638.16 y
S
Q
q 1 0 0 1 -160.5977 674.3451 cm
0 0 m
8.582 -84.338 0 -84.383 v
-8.582 -84.428 -18.508 -92.26 -18.225 -100 c
-17.942 -107.74 -7.258 -114.958 0 -113.149 c
7.258 -111.34 -9.435 -204.411 0 -204.501 c
15.898 -204.654 16.016 -215.878 15.538 -221.86 c
14.818 -237.34 -6.062 -224.02 0 -241.128 c
2.703 -248.755 -2.695 -328.06 -0.959 -333.1 c
0.778 -338.14 -18.683 -327.7 -19.033 -343.18 c
-19.382 -358.66 -9.662 -356.86 0 -354.501 c
5.818 -358.3 6.062 -450.294 0 -448.577 c
-6.062 -446.86 -18.302 -445.78 -15.345 -461.26 c
-12.722 -477.82 -5.278 -467.183 0 -472.501 c
5.278 -477.82 -6.178 -547.506 0 -555.503 c
6.178 -563.5 13.378 -554.5 14.098 -569.62 c
13.738 -585.82 6.062 -574.862 0 -582.141 c
-6.062 -589.42 0 -638.16 y
S
Q
q 1 0 0 1 -251.4777 674.3451 cm
0 0 m
-8.582 -84.338 0 -84.383 v
8.582 -84.428 18.508 -92.26 18.225 -100 c
17.942 -107.74 7.258 -114.958 0 -113.149 c
-7.258 -111.34 9.435 -204.411 0 -204.501 c
-15.898 -204.654 -16.016 -215.878 -15.538 -221.86 c
-14.818 -237.34 6.062 -224.02 0 -241.128 c
-2.703 -248.755 2.695 -328.06 0.959 -333.1 c
-0.778 -338.14 18.683 -327.7 19.033 -343.18 c
19.382 -358.66 9.662 -356.86 0 -354.501 c
-5.818 -358.3 -6.062 -450.294 0 -448.577 c
6.062 -446.86 18.302 -445.78 15.345 -461.26 c
12.722 -477.82 5.278 -467.183 0 -472.501 c
-5.278 -477.82 6.178 -547.506 0 -555.503 c
-6.178 -563.5 -13.378 -554.5 -14.098 -569.62 c
-13.738 -585.82 -6.062 -574.862 0 -582.141 c
6.062 -589.42 0 -638.16 y
S
Q
q 1 0 0 1 -357.9777 36.1518 cm
0 0 m
-8.582 84.338 0 84.383 v
8.582 84.428 18.508 92.26 18.225 100 c
17.942 107.74 7.258 114.958 0 113.149 c
-7.258 111.34 9.435 204.411 0 204.501 c
-15.898 204.654 -16.016 215.878 -15.538 221.86 c
-14.818 237.34 6.062 224.02 0 241.128 c
-2.703 248.755 2.695 328.06 0.959 333.1 c
-0.778 338.14 18.683 327.7 19.033 343.18 c
19.382 358.66 9.662 356.86 0 354.501 c
-5.818 358.3 -6.062 450.294 0 448.577 c
6.062 446.86 18.302 445.78 15.345 461.26 c
12.722 477.82 5.278 467.183 0 472.501 c
-5.278 477.82 6.178 547.506 0 555.503 c
-6.178 563.5 -13.378 554.5 -14.098 569.62 c
-13.738 585.82 -6.062 574.862 0 582.141 c
6.062 589.42 0 638.16 y
S
Q
q 1 0 0 1 -437.0977 36.1518 cm
0 0 m
8.582 84.338 0 84.383 v
-8.582 84.428 -18.508 92.26 -18.225 100 c
-17.942 107.74 -7.258 114.958 0 113.149 c
7.258 111.34 -9.435 204.411 0 204.501 c
15.898 204.654 16.016 215.878 15.538 221.86 c
14.818 237.34 -6.062 224.02 0 241.128 c
2.703 248.755 -2.695 328.06 -0.959 333.1 c
0.778 338.14 -18.683 327.7 -19.033 343.18 c
-19.382 358.66 -9.662 356.86 0 354.501 c
5.818 358.3 6.062 450.294 0 448.577 c
-6.062 446.86 -18.302 445.78 -15.345 461.26 c
-12.722 477.82 -5.278 467.183 0 472.501 c
5.278 477.82 -6.178 547.506 0 555.503 c
6.178 563.5 13.378 554.5 14.098 569.62 c
13.738 585.82 6.062 574.862 0 582.141 c
-6.062 589.42 0 638.16 y
S
Q
q 1 0 0 1 -520.9777 36.1518 cm
0 0 m
-8.582 84.338 0 84.383 v
8.582 84.428 18.508 92.26 18.225 100 c
17.942 107.74 7.258 114.958 0 113.149 c
-7.258 111.34 9.435 204.411 0 204.501 c
-15.898 204.654 -16.016 215.878 -15.538 221.86 c
-14.818 237.34 6.062 224.02 0 241.128 c
-2.703 248.755 2.695 328.06 0.959 333.1 c
-0.778 338.14 18.683 327.7 19.033 343.18 c
19.382 358.66 9.662 356.86 0 354.501 c
-5.818 358.3 -6.062 450.294 0 448.577 c
6.062 446.86 18.302 445.78 15.345 461.26 c
12.722 477.82 5.278 467.183 0 472.501 c
-5.278 477.82 6.178 547.506 0 555.503 c
-6.178 563.5 -13.378 554.5 -14.098 569.62 c
-13.738 585.82 -6.062 574.862 0 582.141 c
6.062 589.42 0 638.16 y
S
Q
q 1 0 0 1 -638.3451 546.5032 cm
0 0 m
84.338 8.582 84.383 0 v
84.428 -8.582 92.26 -18.508 100 -18.225 c
107.74 -17.942 114.958 -7.258 113.149 0 c
111.34 7.258 204.411 -9.435 204.501 0 c
204.654 15.898 215.878 16.016 221.86 15.538 c
237.34 14.818 224.02 -6.062 241.128 0 c
248.755 2.703 328.06 -2.695 333.1 -0.959 c
338.14 0.778 327.7 -18.683 343.18 -19.033 c
358.66 -19.382 356.86 -9.662 354.501 0 c
358.3 5.818 450.294 6.062 448.577 0 c
446.86 -6.062 445.78 -18.302 461.26 -15.345 c
477.82 -12.722 467.183 -5.278 472.501 0 c
477.82 5.278 547.506 -6.178 555.503 0 c
563.5 6.178 554.5 13.378 569.62 14.098 c
585.82 13.738 574.862 6.062 582.141 0 c
589.42 -6.062 638.16 0 y
S
Q
q 1 0 0 1 -0.1518 438.5032 cm
0 0 m
-84.338 8.582 -84.383 0 v
-84.428 -8.582 -92.26 -18.508 -100 -18.225 c
-107.74 -17.942 -114.958 -7.258 -113.149 0 c
-111.34 7.258 -204.411 -9.435 -204.501 0 c
-204.654 15.898 -215.878 16.016 -221.86 15.538 c
-237.34 14.818 -224.02 -6.062 -241.128 0 c
-248.755 2.703 -328.06 -2.695 -333.1 -0.959 c
-338.14 0.778 -327.7 -18.683 -343.18 -19.033 c
-358.66 -19.382 -356.86 -9.662 -354.501 0 c
-358.3 5.818 -450.294 6.062 -448.577 0 c
-446.86 -6.062 -445.78 -18.302 -461.26 -15.345 c
-477.82 -12.722 -467.183 -5.278 -472.501 0 c
-477.82 5.278 -547.506 -6.178 -555.503 0 c
-563.5 6.178 -554.5 13.378 -569.62 14.098 c
-585.82 13.738 -574.862 6.062 -582.141 0 c
-589.42 -6.062 -638.16 0 y
S
Q
q 1 0 0 1 -0.1518 313.1232 cm
0 0 m
-84.338 -8.582 -84.383 0 v
-84.428 8.582 -92.26 18.508 -100 18.225 c
-107.74 17.942 -114.958 7.258 -113.149 0 c
-111.34 -7.258 -204.411 9.435 -204.501 0 c
-204.654 -15.898 -215.878 -16.016 -221.86 -15.538 c
-237.34 -14.818 -224.02 6.062 -241.128 0 c
-248.755 -2.703 -328.06 2.695 -333.1 0.959 c
-338.14 -0.778 -327.7 18.683 -343.18 19.033 c
-358.66 19.382 -356.86 9.662 -354.501 0 c
-358.3 -5.818 -450.294 -6.062 -448.577 0 c
-446.86 6.062 -445.78 18.302 -461.26 15.345 c
-477.82 12.722 -467.183 5.278 -472.501 0 c
-477.82 -5.278 -547.506 6.178 -555.503 0 c
-563.5 -6.178 -554.5 -13.378 -569.62 -14.098 c
-585.82 -13.738 -574.862 -6.062 -582.141 0 c
-589.42 6.062 -638.16 0 y
S
Q
q 1 0 0 1 -0.1518 195.7914 cm
0 0 m
-84.338 8.582 -84.383 0 v
-84.428 -8.582 -92.26 -18.508 -100 -18.225 c
-107.74 -17.942 -114.958 -7.258 -113.149 0 c
-111.34 7.258 -204.411 -9.435 -204.501 0 c
-204.654 15.898 -215.878 16.016 -221.86 15.538 c
-237.34 14.818 -224.02 -6.062 -241.128 0 c
-248.755 2.703 -328.06 -2.695 -333.1 -0.959 c
-338.14 0.778 -327.7 -18.683 -343.18 -19.033 c
-358.66 -19.382 -356.86 -9.662 -354.501 0 c
-358.3 5.818 -450.294 6.062 -448.577 0 c
-446.86 -6.062 -445.78 -18.302 -461.26 -15.345 c
-477.82 -12.722 -467.183 -5.278 -472.501 0 c
-477.82 5.278 -547.506 -6.178 -555.503 0 c
-563.5 6.178 -554.5 13.378 -569.62 14.098 c
-585.82 13.738 -574.862 6.062 -582.141 0 c
-589.42 -6.062 -638.16 0 y
S
Q
q 1 0 0 1 -638.3451 84.4527 cm
0 0 m
84.338 8.582 84.383 0 v
84.428 -8.582 92.26 -18.508 100 -18.225 c
107.74 -17.942 114.958 -7.258 113.149 0 c
111.34 7.258 204.411 -9.435 204.501 0 c
204.654 15.898 215.878 16.016 221.86 15.538 c
237.34 14.818 224.02 -6.062 241.128 0 c
248.755 2.703 328.06 -2.695 333.1 -0.959 c
338.14 0.778 327.7 -18.683 343.18 -19.033 c
358.66 -19.382 356.86 -9.662 354.501 0 c
358.3 5.818 450.294 6.062 448.577 0 c
446.86 -6.062 445.78 -18.302 461.26 -15.345 c
477.82 -12.722 467.183 -5.278 472.501 0 c
477.82 5.278 547.506 -6.178 555.503 0 c
563.5 6.178 554.5 13.378 569.62 14.098 c
585.82 13.738 574.862 6.062 582.141 0 c
589.42 -6.062 638.16 0 y
S
Q
Q
BT
/T1_1 1 Tf
14 0 0 14 36 647.284 Tm
(\002\203\002\003)Tj
ET
q
0 0 585 765 re
W n
BT
0.428 0.433 0.443  scn
/GS0 gs
/T1_2 1 Tf
9 0 0 9 64.2796 647.284 Tm
(\031)Tj
/Span<</ActualText<FEFF006D>>> BDC 
6.3 0 0 6.3 105.8577 647.284 Tm
(\030)Tj
EMC 
(\032)Tj
/Span<</ActualText<FEFF00630063>>> BDC 
(\027\027)Tj
EMC 
/Span<</ActualText<FEFF0020>>> BDC 
9 0 0 9 123.3777 647.284 Tm
(\031)Tj
EMC 
(\026\025\006)Tj
6.3 0 0 6.3 140.3335 647.284 Tm
(\f)Tj
9 0 0 9 36 636.484 Tm
(\020\021\016\004)Tj
/Span<</ActualText<FEFF0020>>> BDC 
(\031)Tj
EMC 
6.3 0 0 6.3 54.6298 636.484 Tm
(\r)Tj
/Span<</ActualText<FEFF006D>>> BDC 
(\030)Tj
EMC 
ET
Q
BT
/T1_3 1 Tf
9 0 0 9 36 623.524 Tm
(\216\033\034\033\027\035\021\030\033\032\033\027\033\035\027\033\017\031\\023\030\037\032\032\024\017\035\027\033\024\032)Tj
/T1_1 1 Tf
0 -1.44 TD
(\024\t\036\017\021\016)Tj
/Span<</ActualText<FEFF0069>>> BDC 
(\037)Tj
EMC 
(\017)Tj
/Span<</ActualText<FEFF0073>>> BDC 
(\024)Tj
EMC 
(\020\027\033)Tj
/Span<</ActualText<FEFF0073>>> BDC 
(\024)Tj
EMC 
(\032\020)Tj
/Span<</ActualText<FEFF004D0069006C>>> BDC 
0 -1.2 TD
(\b\037\027)Tj
EMC 
(\017\020)Tj
/Span<</ActualText<FEFF0066>>> BDC 
(\022)Tj
EMC 
(\035\021\020\031\033\036\033)Tj
/Span<</ActualText<FEFF00640069>>> BDC 
(\r\037)Tj
EMC 
(\033\036\020)Tj
/Span<</ActualText<FEFF006A>>> BDC 
T*
(\221)Tj
EMC 
(\035)Tj
/Span<</ActualText<FEFF0075>>> BDC 
(\030)Tj
EMC 
(\021\036\033)Tj
/Span<</ActualText<FEFF006C0073>>> BDC 
(\027\024)Tj
EMC 
(\020\202\020)Tj
/Span<</ActualText<FEFF006C00690062>>> BDC 
(\027\037\026)Tj
EMC 
(\021\033\021)Tj
/Span<</ActualText<FEFF0069>>> BDC 
(\037)Tj
EMC 
(\017)Tj
/Span<</ActualText<FEFF0073>>> BDC 
(\024)Tj
EMC 
/T1_0 1 Tf
-0.012 Tc 0.012 Tw /Span<</ActualText<FEFF0053>>> BDC 
0 -1.6 TD
(\032)Tj
EMC 
0.521 0 Td
[(\017\016)19(\016)15(\002)5(\013)3(\n)8(\026)]TJ
/Span<</ActualText<FEFF0057>>> BDC 
2.795 0 Td
(\037)Tj
EMC 
0.858 0 Td
[(\002)4(\020\r)-1(\240)9(\t\023)6(\223)-2(\n)]TJ
/T1_1 1 Tf
0 Tc 0 Tw 14 0 0 14 36 556.564 Tm
(\002\203\002\002)Tj
ET
q
0 0 585 765 re
W n
BT
0.428 0.433 0.443  scn
/GS0 gs
/T1_2 1 Tf
9 0 0 9 61.7597 556.564 Tm
(\031)Tj
/Span<</ActualText<FEFF006D>>> BDC 
6.3 0 0 6.3 105.1647 556.564 Tm
(\030)Tj
EMC 
(\032)Tj
/Span<</ActualText<FEFF00630063>>> BDC 
(\027\027)Tj
EMC 
/Span<</ActualText<FEFF0020>>> BDC 
9 0 0 9 122.6847 556.564 Tm
(\031)Tj
EMC 
(\026\025\006)Tj
6.3 0 0 6.3 139.6405 556.564 Tm
(\033)Tj
9 0 0 9 36 545.764 Tm
(\020\021\016\004)Tj
/Span<</ActualText<FEFF0020>>> BDC 
(\031)Tj
EMC 
6.3 0 0 6.3 54.6298 545.764 Tm
(\r)Tj
/Span<</ActualText<FEFF006D>>> BDC 
(\030)Tj
EMC 
ET
Q
BT
/T1_3 1 Tf
9 0 0 9 36 532.804 Tm
(\206\032\021\033\032\031\030\b\031\023\024\r\b\016\031\023\030\206\025\031\\032\030\023\024\r\b\016\031)Tj
/T1_1 1 Tf
0 -1.44 TD
(\026)Tj
/Span<</ActualText<FEFF00750069006C00640069>>> BDC 
(\030\037\027\r\037)Tj
EMC 
(\036\016\020\033\020)Tj
0 -1.2 TD
(\031\035)Tj
/Span<</ActualText<FEFF006C006C>>> BDC 
(\027\027)Tj
EMC 
(\033)Tj
/Span<</ActualText<FEFF0062>>> BDC 
(\026)Tj
EMC 
[(\035\021\033)70(\032)]TJ
/Span<</ActualText<FEFF0069>>> BDC 
(\037)Tj
EMC 
(\034\017\020)Tj
/Span<</ActualText<FEFF004F0070>>> BDC 
(\035\025)Tj
EMC 
(\017\036\023)Tj
T*
(\031)Tj
/Span<</ActualText<FEFF0069>>> BDC 
(\037)Tj
EMC 
[(\032)70(\033)70(\032)]TJ
/Span<</ActualText<FEFF0069>>> BDC 
(\037)Tj
EMC 
[(\035\036\020\r\033)70(\032)70(\033)]TJ
/Span<</ActualText<FEFF0062>>> BDC 
(\026)Tj
EMC 
(\033)Tj
/Span<</ActualText<FEFF0073>>> BDC 
(\024)Tj
EMC 
(\017\020)Tj
T*
(\202\020)Tj
/Span<</ActualText<FEFF0052>>> BDC 
(\021)Tj
EMC 
(\017)Tj
/Span<</ActualText<FEFF0073>>> BDC 
(\024)Tj
EMC 
(\017\033\021)Tj
/Span<</ActualText<FEFF0063>>> BDC 
(\031)Tj
EMC 
(\013\020)Tj
/Span<</ActualText<FEFF0054>>> BDC 
(\032)Tj
EMC 
(\035\035)Tj
/Span<</ActualText<FEFF006C>>> BDC 
(\027)Tj
EMC 
/T1_4 1 Tf
8 0 0 8 36 474.964 Tm
[(\255)40(\223\r\r\020\032)]TJ
/Span<</ActualText<FEFF0046>>> BDC 
(\211)Tj
EMC 
[(\205\032\037\n\b\t\200\223)80(\227\032)]TJ
/T1_0 1 Tf
(\246\n\013\223\022\017\240\202\017\026\255\013\t\026)Tj
/Span<</ActualText<FEFF0041>>> BDC 
T*
(\035)Tj
EMC 
[(\022\022\026\255\013\021\n\240\017\t)80(\201\026)]TJ
/Span<</ActualText<FEFF0055>>> BDC 
(\242)Tj
EMC 
(\n\002\205\017\t\016\002\020\004\026)Tj
/Span<</ActualText<FEFF004C>>> BDC 
(\030)Tj
EMC 
(\002\005\t\023\t\002\023\n\201\026)Tj
/Span<</ActualText<FEFF0053>>> BDC 
T*
(\032)Tj
EMC 
[(\020\036\026\001)57(\t\023\n\007\002\016\026\213\023\205\002\017\t\026)]TJ
/Span<</ActualText<FEFF0055>>> BDC 
(\242)Tj
EMC 
(\n\002\205\017\t\016\002\020\004\263\026)Tj
/T1_4 1 Tf
(\037\023\b\245\032)Tj
T*
(\255\020\201\201\017\f\f\227)Tj
/T1_0 1 Tf
(\026)Tj
/Span<</ActualText<FEFF0055>>> BDC 
(\242)Tj
EMC 
(\n\002\205\017\t\016\002\020\004\026)Tj
/Span<</ActualText<FEFF004C>>> BDC 
(\030)Tj
EMC 
(\002\005\t\023\t\002\023\n\201\026)Tj
/Span<</ActualText<FEFF0055>>> BDC 
T*
(\242)Tj
EMC 
(\n\002\205\017\t\016\002\020\004\026\013\255\026\235\t\002\n\007\017\026\)Tj
/Span<</ActualText<FEFF0045>>> BDC 
(\033)Tj
EMC 
(\240\223\023\t\240\026\225\016\022\023\n\240)Tj
-0.02 Tc 0.02 Tw /Span<</ActualText<FEFF0045>>> BDC 
9 0 0 9 36 422.164 Tm
(\033)Tj
EMC 
0.548 0 Td
[(\211)-9(\023\016)5(\f)-17(\017)-11(\t)-8(\023)-3(\020)-1(\017)-17(\240\026\005)-4(\004\026\017)-17(\211)-2(\013)-5(\t)-14(\005)-5(\002)-4(\020)-15(\023)2(\n)-6(\020\026\023)2(\n)-8(\240)-20(\026)]TJ
-0.018 Tc 0.018 Tw -0.548 -1.2 Td
[(\017)-6(\205)3(\017)-9(\t)25(\200)-11(\002)6(\n)-6(\007)-4(\t\017)-6(\023)2(\016)9(\002)6(\n\202)2(\026)2(\016)2(\007)-8(\r)-5(\013)-6(\022\023)4(\t)-12(\022)-7(\004)2(\026)2(\226\013)-5(\021)4(\t)-10(\n\023)1(\022)-18(\026)]TJ
-0.02 Tc 0.02 Tw T*
[(\023)2(\n)-8(\240\026\240)-3(\023)-3(\020)-15(\023\005)-5(\023\016\017\026\016)5(\021\005)-1(\016\007)-6(\t)-12(\002)4(\f)-9(\020)-4(\002)-3(\013)-5(\n)-20(\026)]TJ
T*
[(\007)4(\013)1(\016)-13(\020)-17(\016)-8(\201\026\022)2(\002)2(\005)-6(\t)-8(\023)2(\t)-12(\002)-5(\017)-8(\016\026\023)2(\t)-2(\017\026\021)2(\n)2(\002)-4(\020)-4(\002)4(\n)-2(\202\026\020)2(\013)-20(\026)]TJ
T*
[(\007)4(\013)-8(\022)1(\022)-2(\023\005)-14(\013)-5(\t)-8(\023)-3(\020)-4(\002)-3(\205)1(\017)-12(\022)-9(\004\026\240)-10(\017)-8(\205)1(\017)-12(\022)-7(\013)-5(\f\026\023\026\255)-12(\t)-2(\017)-17(\017)-20(\026)]TJ
T*
[(\023)-1(\022)-6(\020)-1(\017)-11(\t)-12(\n)-2(\023)-3(\020)-4(\002)-3(\205)1(\017\026\007)-16(\023)-1(\022)1(\022)-9(\017)-17(\240\026\246)-11(\n)-7(\013)-5(\223)-12(\022)-9(\017)-17(\240)-4(\202)-4(\017\026\255)-9(\013)-5(\t)-20(\026)]TJ
/Span<</ActualText<FEFF0041>>> BDC 
T*
(\035)Tj
EMC 
0.589 0 Td
[(\022)1(\022)-4(\201\026\023\026\007)4(\013)-5(\006)1(\f)-6(\t)-2(\017)-14(\r)-9(\017)-11(\n)2(\016)7(\002)-3(\205)1(\017\026\007)-6(\002)-4(\020)-15(\023)-3(\020)-4(\002)-3(\013)-5(\n)-20(\026)]TJ
-0.589 -1.2 Td
[(\240)-3(\023)-3(\020)-15(\023\005)-5(\023\016\017\026\013\255\026\023)-1(\022)1(\022\026\f)-5(\023\016)-13(\020\026\023)2(\n)-8(\240\026\007)-3(\021)2(\t)-12(\t)-2(\017)-11(\n)-6(\020)-20(\026)]TJ
T*
[(\016\007)-10(\r)-7(\013)-8(\022)-2(\023)2(\t)-14(\022)-9(\004\026\226)-2(\013)-7(\021)2(\t)-12(\n)-2(\023)-1(\022\026\022)2(\002)-4(\020)-1(\017)-11(\t)-8(\023)-3(\020)-3(\021)2(\t)-2(\017)-8(\036)-20(\026)]TJ
T*
[(\224)-6(\002)7(\016\007)4(\013)2(\205)1(\017)-11(\t\026\020)-8(\r)-9(\017\026\t)-2(\017)-8(\016\017)-8(\023)2(\t)1(\007)-10(\r\026\020)2(\013)-12(\013)-8(\022\026\023)2(\n)-8(\240)-20(\026)]TJ
T*
[(\017)-17(\211)-8(\f)-9(\022)-2(\023)2(\002)4(\n\026\r)-7(\013)-5(\223\026\022)2(\002)2(\005)-6(\t)-8(\023)2(\t)-12(\002)-5(\017)-8(\016\026\007)-16(\023)2(\n\026\226)-2(\013)-3(\002)4(\n)-20(\026)]TJ
T*
[(\020)-8(\r)-9(\017\026\f)-6(\t)1(\013)-2(\226)-4(\017)-17(\007)-35(\020\026\023)2(\n)-8(\240\026\f)-5(\023)2(\t)-46(\020)-4(\002)-3(\007)-6(\002)4(\f)-5(\023)-3(\020)-1(\017\026\002)4(\n\026\002)-4(\020)-16(\016)-20(\026)]TJ
-0.021 Tc 0.021 Tw T*
[(\255)-15(\021)1(\t)-47(\020)-8(\r)-10(\017)-12(\t)-1(\026)-1(\240)-11(\017)-9(\205\017)-13(\022)-8(\013)-6(\f)-7(\006)-10(\017)-12(\n)-7(\020)-22(\036)]TJ
/T1_1 1 Tf
0 Tc 0 Tw 14 0 0 14 167.25 647.284 Tm
(\002\203\002\004)Tj
ET
q
0 0 585 765 re
W n
BT
0.428 0.433 0.443  scn
/GS0 gs
/T1_2 1 Tf
9 0 0 9 194.4656 647.284 Tm
(\031)Tj
/Span<</ActualText<FEFF006D>>> BDC 
6.3 0 0 6.3 234.6823 647.284 Tm
(\030)Tj
EMC 
(\032)Tj
/Span<</ActualText<FEFF00630063>>> BDC 
(\027\027)Tj
EMC 
/Span<</ActualText<FEFF0020>>> BDC 
9 0 0 9 252.2023 647.284 Tm
(\031)Tj
EMC 
(\026\025\024)Tj
/Span<</ActualText<FEFF0064>>> BDC 
6.3 0 0 6.3 270.544 647.284 Tm
(\001)Tj
EMC 
9 0 0 9 167.25 636.484 Tm
(\020\021\016\004)Tj
/Span<</ActualText<FEFF0020>>> BDC 
(\031)Tj
EMC 
6.3 0 0 6.3 185.8798 636.484 Tm
(\r)Tj
/Span<</ActualText<FEFF006D>>> BDC 
(\030)Tj
EMC 
ET
Q
BT
/T1_3 1 Tf
9 0 0 9 167.25 623.524 Tm
[(\006\r\021\021\t\033\032\034\030\200)25(\024\021\021\031\016\027\033\024\032\030\f\031\017\031\021\024\025\036\031\\032\027)]TJ
/T1_1 1 Tf
0 -1.44 TD
(\024\032)Tj
/Span<</ActualText<FEFF00690063>>> BDC 
(\037\031)Tj
EMC 
(\f)Tj
/Span<</ActualText<FEFF0073>>> BDC 
(\024)Tj
EMC 
(\020\202\020\024\032\035\036\017)Tj
/Span<</ActualText<FEFF0073>>> BDC 
(\024)Tj
EMC 
(\020\006)Tj
/Span<</ActualText<FEFF0069006C006C>>> BDC 
(\037\027\027)Tj
EMC 
(\020)Tj
0 -1.2 TD
(\026\021\017\033\f\020\b\t\020\026\035\036\017)Tj
/Span<</ActualText<FEFF0073>>> BDC 
(\024)Tj
EMC 
(\253)Tj
(\020)Tj
T*
(\026\035\035\f)Tj
/Span<</ActualText<FEFF0073>>> BDC 
(\024)Tj
EMC 
(\020\035\036\020\026)Tj
/Span<</ActualText<FEFF0075006C006C>>> BDC 
(\030\027\027)Tj
EMC 
8.015 0 Td
(\t)Tj
/Span<</ActualText<FEFF0069>>> BDC 
(\037)Tj
EMC 
(\036\016\020)Tj
/T1_4 1 Tf
8 0 0 8 167.25 576.484 Tm
(\033\023\007\200\020\021\032\025\020\204\201\020\021\227\032)Tj
/T1_0 1 Tf
/Span<</ActualText<FEFF0053>>> BDC 
(\032)Tj
EMC 
(\017\022\017\007\020\002\013\n\026)Tj
/Span<</ActualText<FEFF004D>>> BDC 
(\027)Tj
EMC 
(\023\n\023\202\017\t\026\207\026)Tj
/Span<</ActualText<FEFF0045>>> BDC 
T*
(\033)Tj
EMC 
[(\022\017\006\017\n\020\023\t\004)80(\201\026)]TJ
/Span<</ActualText<FEFF0053>>> BDC 
(\032)Tj
EMC 
(\026\265\026\250\026\250\013\013\016\026)Tj
/Span<</ActualText<FEFF004C>>> BDC 
(\030)Tj
EMC 
(\020\240)Tj
9 0 0 9 167.25 552.484 Tm
[(\250)-7(\021\022)1(\022)-9(\004)-8(\002)4(\n)-2(\202\026\r)-2(\023\016\026\005)-17(\017)-17(\007)4(\013)-5(\006)-9(\017\026\023\026\202)-3(\t)2(\013)-5(\223)-10(\002)4(\n)-2(\202\026)]TJ
T*
[(\f)-6(\t)1(\013)-7(\005)-9(\022)-9(\017)-11(\006)-5(\201\026\006)-3(\023)-4(\240)-10(\017\026\223)-7(\013)-5(\t)-11(\016\017\026\005)-4(\004\026\020)-8(\r)-9(\017\026)]TJ
T*
[(\023)-4(\240)-7(\205)1(\017)-11(\n)-6(\020\026)14(\013\255\026)14(\016\013)-14(\007)-6(\002)2(\023)-1(\022\026)14(\n)-8(\017)-17(\020)-38(\223)-7(\013)-5(\t)-14()-8(\002)4(\n)-2(\202\026)14(\023)2(\n)-8(\240\026)]TJ
T*
[(\020)-8(\r)-9(\017\026\002)4(\n)-6(\020)-1(\017)-11(\t)-12(\n)-8(\017)-17(\020)-21(\036\026)]TJ
/Span<</ActualText<FEFF0055>>> BDC 
(\242)Tj
EMC 
6.077 0 Td
[(\016)7(\002)4(\n)-2(\202\026\022)2(\002)-4(\020)-1(\017)-11(\t)-8(\023)-3(\020)-3(\021)2(\t)-2(\017\026\020)2(\013\026)]TJ
-6.077 -1.2 Td
[(\240)1(\002)7(\016\007)-3(\021)3(\016)11(\016\026\005)-8(\021\022)1(\022)-9(\004)-8(\002)4(\n)-2(\202\026\023)-1(\022)1(\022)-7(\013)-5(\223)-10(\016\026\007)-10(\r)2(\002)2(\022)-8(\240)1(\t)-2(\017)-11(\n\026)]TJ
T*
[(\020)2(\013\026\017)-17(\211)-8(\f)-17(\017)-11(\t)-12(\002)-5(\017)-11(\n)-8(\007\017\026\020)-8(\r)-9(\017\026\f)-6(\t)1(\013)-7(\005)-9(\022)-9(\017)-11(\006)2(\016\026)]TJ
T*
[(\013\255\026\234)-17(\007)-35(\020)-4(\002)-3(\013)-5(\n)-2(\023)-1(\022\026\007)-10(\r)-2(\023)2(\t)-8(\023)-4(\007)-35(\020)-1(\017)-11(\t)-11(\016)-8(\201\026\023)2(\n)-8(\240\026)]TJ
T*
[(\013)-5(\f)-17(\017)-11(\n)2(\016\026\240)1(\002)7(\016\007)-3(\021)2(\016)11(\016)7(\002)-3(\013)-5(\n\026\023\005)-14(\013)-7(\021)-7(\020\026\020)-8(\r)-9(\017\026)]TJ
T*
[(\007)4(\013)-5(\n)2(\016\017)-15(\254)-3(\021)-10(\017)-11(\n)-8(\007\017)-8(\016\026\013\255\026\005)-8(\021\022)1(\022)-9(\004)-8(\002)4(\n)-2(\202\026)]TJ
T*
[(\023)2(\n)-8(\240\026\f)-14(\013)1(\016)7(\002)-4(\020)-4(\002)-3(\205)1(\017\026\223)-5(\023)4(\004)-7(\016\026\020)2(\013\026\007)-10(\r)-2(\023)2(\n)-2(\202)-4(\017)-8(\036\026)]TJ
T*
[(\235)-2(\002)-3(\007)-35(\020)-3(\021)2(\t)-2(\017\026\005)-14(\013)-12(\013)-7()-16(\016\026\023)2(\n)-8(\240\026\n)-7(\013)2(\205)1(\017)-12(\022)2(\016\026)]TJ
T*
[(\t)-8(\023)2(\n)-2(\202)-3(\002)4(\n)-2(\202\026\255)-12(\t)1(\013)-5(\006\026)-8(\002)4(\n)-8(\240)-10(\017)-11(\t)-4(\202)-7(\023)2(\t)-46(\020)-1(\017)-11(\n\026)]TJ
T*
[(\020)2(\013\026\r)2(\002\202)-7(\r\026\016\007)-10(\r)-7(\013)-12(\013)-8(\022\026\020)-8(\r)-2(\023)-3(\020\026\022)-7(\013)-12(\013)-7(\026\023)-3(\020\026)]TJ
T*
[(\240)1(\002)1(\255)-41(\255)-13(\017)-11(\t)-2(\017)-11(\n)-6(\020\026\020)-38(\004)-8(\f)-17(\017)-8(\016\026\013\255\026\005)-8(\021\022)1(\022)-9(\004)-8(\002)4(\n)-2(\202\026\255)-12(\t)2(\013)-5(\006\026)]TJ
T*
[(\020)-1(\017)-8(\023\016)7(\002)4(\n)-2(\202\026\020)3(\013\026\007)-36(\004)-9(\005)-17(\017)-11(\t)23(\200)-18(\005)-8(\021\022)1(\022)-9(\004)-7(\002)4(\n)-2(\202\026\223)-10(\002)2(\022)1(\022\026)]TJ
T*
[(\005)-17(\017\026\021)2(\016\017)-17(\240)-5(\036\026)]TJ
/T1_5 1 Tf
7.5 0 0 7.5 167.25 379.684 Tm
[(\037)9(\036)-13(\035)-24(\034)-17(\033)-15(\035)-18(\036)-13(\032)-19(\031\030)-26(\035)-20(\r)-12(\032)-12(\033)-23(\026\030\017)-8(\013)-15(\207)-10(\033)-14(\007)-18(\020\030\201)46(\036)-13(\032)-14(\036)-13(\035)-18(\021)-29(\036\030\240)12(\017)4(\255)]TJ
/T1_1 1 Tf
14 0 0 14 167.25 361.684 Tm
(\002\203\002\203)Tj
ET
q
0 0 585 765 re
W n
BT
0.428 0.433 0.443  scn
/GS0 gs
/T1_2 1 Tf
9 0 0 9 193.5696 361.684 Tm
(\031)Tj
/Span<</ActualText<FEFF00690063>>> BDC 
6.3 0 0 6.3 228.7747 361.684 Tm
(\037\027)Tj
EMC 
(\032)Tj
/Span<</ActualText<FEFF0063>>> BDC 
(\027)Tj
EMC 
/Span<</ActualText<FEFF0020>>> BDC 
9 0 0 9 242.6534 361.684 Tm
(\031)Tj
EMC 
/Span<</ActualText<FEFF0063>>> BDC 
6.3 0 0 6.3 244.9034 361.684 Tm
(\027)Tj
EMC 
(\033\t\023)Tj
/Span<</ActualText<FEFF0064>>> BDC 
(\001)Tj
EMC 
(\035\036)Tj
9 0 0 9 167.25 350.884 Tm
(\020\021\016\004)Tj
/Span<</ActualText<FEFF0020>>> BDC 
(\031)Tj
EMC 
6.3 0 0 6.3 185.8798 350.884 Tm
(\r)Tj
/Span<</ActualText<FEFF006D>>> BDC 
(\030)Tj
EMC 
ET
Q
BT
/T1_3 1 Tf
9 0 0 9 167.25 337.924 Tm
[(\200)25(\024\021\021\035\022\024\b\035\027\033\024\032\030\201\027\r\f\031\032\027\\030\035\f\017\033\023\024\b\t)]TJ
/T1_1 1 Tf
0 -1.44 TD
(\027)Tj
/Span<</ActualText<FEFF00690062>>> BDC 
(\037\026)Tj
EMC 
(\021\033\021)Tj
/Span<</ActualText<FEFF0069>>> BDC 
(\037)Tj
EMC 
(\033\036\020\202\020\024\032)Tj
/Span<</ActualText<FEFF00750064>>> BDC 
(\030\r)Tj
EMC 
(\017\036\032\020)Tj
0 -1.2 TD
(\031\035)Tj
/Span<</ActualText<FEFF006C006C>>> BDC 
(\027\027)Tj
EMC 
(\033)Tj
/Span<</ActualText<FEFF0062>>> BDC 
(\026)Tj
EMC 
[(\035\021\033)70(\032)]TJ
/Span<</ActualText<FEFF0069>>> BDC 
(\037)Tj
EMC 
(\035\036\217\020)Tj
/Span<</ActualText<FEFF0057>>> BDC 
T*
(\006)Tj
EMC 
(\035\021\f)Tj
/Span<</ActualText<FEFF0069>>> BDC 
(\037)Tj
EMC 
(\036\016\020)Tj
/Span<</ActualText<FEFF0054>>> BDC 
(\032)Tj
EMC 
(\035\016\017\032\013\017\021\020\032\035\020)Tj
T*
(\026)Tj
/Span<</ActualText<FEFF00750069006C0064>>> BDC 
(\030\037\027\r)Tj
EMC 
(\020)Tj
/Span<</ActualText<FEFF0045>>> BDC 
(\017)Tj
EMC 
(\036\016\033\016\017\b\017\036\032)Tj
/T1_4 1 Tf
8 0 0 8 167.25 280.084 Tm
(\037\204\007\200\023\020\021\032\037\020\f\200\227\032)Tj
/T1_0 1 Tf
[(\224\002\t\017\007\020\013\t)80(\201\026)]TJ
/Span<</ActualText<FEFF004C>>> BDC 
(\030)Tj
EMC 
(\246)Tj
/Span<</ActualText<FEFF0043>>> BDC 
(\034)Tj
EMC 
(\026\001)Tj
/Span<</ActualText<FEFF004C0043>>> BDC 
(\030\034)Tj
EMC 
(\026)Tj
T*
(\250\021\016\002\n\017\016\016\026\265\026)Tj
/Span<</ActualText<FEFF0045>>> BDC 
(\033)Tj
EMC 
(\007\013\n\013\006\002\007\016\026)Tj
/Span<</ActualText<FEFF004C>>> BDC 
(\030)Tj
EMC 
(\002\005\t\023\t\002\023\n\201\026)Tj
/Span<</ActualText<FEFF0055>>> BDC 
T*
(\242)Tj
EMC 
[(\n\002\205\017\t\016\002\020\004\026\013\255\026\003)100(\013\t\013\n\020\013\026)]TJ
/Span<</ActualText<FEFF004D>>> BDC 
(\027)Tj
EMC 
(\002\016\016\002\016\016\023\021\202\023)Tj
9 0 0 9 167.25 246.484 Tm
[(\224)-13(\013\026\004)1(\013)-7(\021\026\t)-14(\021)2(\n\026\016\017)-8(\016)11(\016)7(\002)-3(\013)-5(\n)2(\016\026\255)-9(\013)-5(\t\026)]TJ
T*
[(\016)-13(\020)-3(\021)-10(\240)-10(\017)-10(\n)-6(\020)-17(\016)15(\245\026)]TJ
/Span<</ActualText<FEFF0053>>> BDC 
(\032)Tj
EMC 
4.857 0 Td
[(\020)-4(\t)-14(\021)-4(\202)-8(\202)-5(\022)2(\002)4(\n)-2(\202\026\020)2(\013\026\202)-4(\017)-18(\020\026)]TJ
-4.857 -1.2 Td
[(\016)-13(\020)-3(\021)-10(\240)-10(\017)-10(\n)-6(\020)-17(\016\026\020)2(\013\026\023)-3(\020)-35(\020)-1(\017)-11(\n)-8(\240)6(\245\026)]TJ
/Span<</ActualText<FEFF004D>>> BDC 
(\027)Tj
EMC 
9.258 0 Td
[(\023)2(\n\004\026)]TJ
-9.258 -1.2 Td
[(\016)5(\021)-8(\007)1(\007\017)-8(\016)11(\016)-9(\255)-14(\021\022\026\f)-6(\t)1(\013)-5(\202)-3(\t)-8(\023)2(\006)2(\016\026\r)-2(\023)7(\205)1(\017\026\005)-17(\017)-17(\017)-11(\n\026)]TJ
T*
[(\007)4(\013)-35(\200)-33(\007)-6(\t)-2(\017)-8(\023)-3(\020)-1(\017)-17(\240\026\223)-10(\002)-4(\020)-8(\r\026\016)-13(\020)-3(\021)-9(\240)-10(\017)-11(\n)-6(\020\026\202)-3(\t)1(\013)-7(\021)2(\f)-1(\016\026)]TJ
T*
[(\023)-3(\020\026\020)-8(\r)-9(\017\026)]TJ
/Span<</ActualText<FEFF0055>>> BDC 
(\242)Tj
EMC 
3.317 0 Td
[(\n)2(\002)-3(\205)1(\017)-11(\t)-11(\016)7(\002)-4(\020)-38(\004\026\013\255\026\003)62(\013)-5(\t)1(\013)-5(\n)-6(\020)2(\013\026)]TJ
-0.007 Tc 0.007 Tw /Span<</ActualText<FEFF004D>>> BDC 
-3.317 -1.2 Td
(\027)Tj
EMC 
0.873 0 Td
[(\002\016)4(\016\002\016)4(\016)-6(\023)-5(\021)-11(\202)-14(\023)-18(\036)-7(\026)]TJ
/Span<</ActualText<FEFF0045>>> BDC 
4.758 0 Td
(\033)Tj
EMC 
0.531 0 Td
[(\006)-6(\f)-21(\013)-12(\223)-17(\017)-18(\t)-19(\002)-3(\n)-9(\202)-7(\026)]TJ
0 Tc 0 Tw -6.162 -1.2 Td
[(\016)-13(\020)-3(\021)-10(\240)-10(\017)-10(\n)-6(\020)-17(\016\026\023)2(\n)-8(\240\026\002)4(\n)4(\205)3(\013)-8(\022)-5(\205)-5(\002)4(\n)-2(\202\026\020)-7(\r)-9(\017)-11(\006\026)]TJ
T*
[(\023)-3(\020\026\205)1(\023)2(\t)-12(\002)-3(\013)-7(\021)3(\016\026\016)-13(\020)-15(\023)-1(\202)-4(\017)-8(\016\026\002)4(\n\026\020)-8(\r)-9(\017\026)]TJ
T*
[(\240)-10(\017)-8(\205)1(\017)-12(\022)-7(\013)-5(\f)-6(\006)-9(\017)-11(\n)-6(\020\026\013\255\026\f)-6(\t)1(\013)-5(\202)-3(\t)-8(\023)2(\006)2(\016\026)]TJ
T*
[(\r)-2(\023\016\026\255)-16(\023)-4(\007)-6(\002)2(\022)2(\002)-4(\020)-15(\023)-3(\020)-1(\017)-17(\240\026\f)-5(\023)2(\t)-46(\020)-4(\002)-3(\007)-6(\002)4(\f)-5(\023)-3(\020)-4(\002)-3(\013)-5(\n\026)]TJ
T*
[(\002)4(\n\026\202)-7(\023)2(\006)-9(\017)-8(\016)-8(\201\026\020)-4(\t)-8(\023)2(\002)4(\n)2(\002)4(\n)-2(\202\026\f)-6(\t)1(\013)-5(\202)-3(\t)-8(\023)2(\006)2(\016)-8(\201\026)]TJ
T*
[(\022)-9(\017)-8(\023)2(\t)-12(\n)2(\002)4(\n)-2(\202\026\016\017)-8(\016)11(\016)7(\002)-3(\013)-5(\n)2(\016)-8(\201\026\023)2(\n)-8(\240\026\r)-9(\017)-12(\022)3(\f)-17(\017)-17(\240\026)]TJ
T*
[(\021)2(\016\026\016)1(\r)-2(\023)2(\f)-17(\017\026\013)-7(\021)2(\t\026\002)-5(\240)-10(\017)-11(\n)-6(\020)-4(\002)-4(\020)-38(\004)32(\036\026\003)-15(\r)2(\002)7(\016\026)]TJ
T*
[(\016\017)-8(\016)11(\016)7(\002)-3(\013)-5(\n\026\223)-10(\002)2(\022)1(\022\026\240)1(\002)7(\016\007)-3(\021)2(\016)11(\016\026\205)1(\023)2(\t)-12(\002)-3(\013)-7(\021)2(\016\026)]TJ
T*
[(\002)4(\n)2(\n)-7(\013)2(\205)1(\023)-3(\020)-4(\002)-3(\205)1(\017\026\002)-5(\240)-10(\017)-8(\023\016\026\255)-9(\013)-5(\t\026\f)-6(\t)1(\013)-5(\202)-3(\t)-8(\023)2(\006)1(\016\026)]TJ
T*
[(\023)2(\n)-8(\240\026\f)-6(\t)1(\013)2(\205)-5(\002)-5(\240)-10(\017\026\016)5(\021)-4(\202)-8(\202)-4(\017)-8(\016)-13(\020)-4(\002)-3(\013)-5(\n)2(\016\026\255)-9(\013)-5(\t\026)]TJ
0.008 Tc -0.008 Tw T*
[(\005)-9(\017\016)-5(\020)8(\026)8(\f)2(\t\023)4(\007)-27(\020)4(\002)5(\007)8(\017\016)2(\036)]TJ
/T1_5 1 Tf
0 Tc 0 Tw 7.5 0 0 7.5 167.25 53.884 Tm
[(\037)9(\036)-13(\035)-24(\034)-17(\033)-15(\035)-18(\036)-13(\032)-19(\031\030\210\034)-17(\026\030\017)-12(\021)-31(\033)-14(\006)-25(\026)-11(\035)-13(\024)-16(\026)-11(\035\020\030\203)-12(\035)-13(\024)-20(\034)-17(\033)-15(\032)-41(\007)-10(\024)-19(\021)-31(\013\030)]TJ
0 -1.44 TD
[(\036)-15(\022\030\201)46(\036)-13(\032)-14(\036)-13(\035)-18(\021)-29(\036)]TJ
/T1_1 1 Tf
14 0 0 14 298.5 647.284 Tm
(\002\203\002\207)Tj
0.428 0.433 0.443  scn
/GS0 gs
/T1_2 1 Tf
9 0 0 9 326.1638 647.284 Tm
(\031)Tj
0 0 0  scn
/GS1 gs
/T1_3 1 Tf
-3.074 -1.44 Td
[(\221\031\002\031\b\031\032\016\031\030\255)100(\031\035\016\026\033\032\034\030\256\030\021\031\035\b\032\033\032\034)]TJ
/T1_1 1 Tf
/Span<</ActualText<FEFF0057>>> BDC 
T*
(\006)Tj
EMC 
[(\013\033)70(\032\020\006\035\021\f)]TJ
/Span<</ActualText<FEFF0073>>> BDC 
(\024)Tj
EMC 
(\214\020)Tj
/Span<</ActualText<FEFF004F>>> BDC 
(\035)Tj
EMC 
(\036\017\023)Tj
0 -1.2 TD
(\032\035\023)Tj
/Span<</ActualText<FEFF004F>>> BDC 
(\035)Tj
EMC 
(\036\017\020\034\017\021)Tj
/Span<</ActualText<FEFF007300750073>>> BDC 
(\024\030\024)Tj
EMC 
(\020)Tj
/Span<</ActualText<FEFF004F>>> BDC 
(\035)Tj
EMC 
(\036\017\023)Tj
T*
(\032\035\023)Tj
/Span<</ActualText<FEFF004D>>> BDC 
(\b)Tj
EMC 
(\033\036\t\020)Tj
/Span<</ActualText<FEFF0052>>> BDC 
(\021)Tj
EMC 
(\017)Tj
/Span<</ActualText<FEFF0066>>> BDC 
(\022)Tj
EMC 
(\017\021\017\036)Tj
/Span<</ActualText<FEFF0063>>> BDC 
(\031)Tj
EMC 
(\017\020)Tj
T*
(\202\020\037\036)Tj
/Span<</ActualText<FEFF0073>>> BDC 
(\024)Tj
EMC 
(\032\021)Tj
/Span<</ActualText<FEFF00750063>>> BDC 
(\030\031)Tj
EMC 
(\032)Tj
/Span<</ActualText<FEFF0069>>> BDC 
(\037)Tj
EMC 
(\035\036)Tj
/T1_0 1 Tf
0.008 Tc -0.008 Tw /Span<</ActualText<FEFF0053>>> BDC 
T*
(\032)Tj
EMC 
0.541 0 Td
[(\017\016)19(\016)15(\002)5(\013)3(\n)8(\026)]TJ
/Span<</ActualText<FEFF0057>>> BDC 
2.935 0 Td
(\037)Tj
EMC 
0.878 0 Td
[(\002)4(\020\r)-1(\240)9(\t\023)6(\223)-2(\n)]TJ
/T1_1 1 Tf
0 Tc 0 Tw 14 0 0 14 298.5 560.164 Tm
(\002\203\002\001)Tj
ET
q
0 0 585 765 re
W n
BT
0.428 0.433 0.443  scn
/GS0 gs
/T1_2 1 Tf
9 0 0 9 324.5817 560.164 Tm
(\031)Tj
/Span<</ActualText<FEFF006D>>> BDC 
6.3 0 0 6.3 366.9717 560.164 Tm
(\030)Tj
EMC 
(\032)Tj
/Span<</ActualText<FEFF00630063>>> BDC 
(\027\027)Tj
EMC 
/Span<</ActualText<FEFF0020>>> BDC 
9 0 0 9 384.4918 560.164 Tm
(\031)Tj
EMC 
(\026\025\024)Tj
6.3 0 0 6.3 402.8334 560.164 Tm
(\f)Tj
9 0 0 9 298.5 549.364 Tm
(\020\021\016\004)Tj
/Span<</ActualText<FEFF0020>>> BDC 
(\031)Tj
EMC 
6.3 0 0 6.3 317.1298 549.364 Tm
(\r)Tj
/Span<</ActualText<FEFF006D>>> BDC 
(\030)Tj
EMC 
ET
Q
BT
/T1_3 1 Tf
9 0 0 9 298.5 536.404 Tm
[(\037\032\002\024\b\036\035\027\033\024\032\030\021\033\027\031\b\035\016\\t)50(\030)]TJ
T*
(\206\r\027\b\031\035\016\026\030\023\031\b\017\033\016\031\023)Tj
/T1_1 1 Tf
0 -1.44 TD
(\024\025)Tj
/Span<</ActualText<FEFF00410052004B>>> BDC 
(\033\021\f)Tj
EMC 
(\217\020\022)Tj
/Span<</ActualText<FEFF0069>>> BDC 
(\037)Tj
EMC 
(\021\017\020)Tj
/Span<</ActualText<FEFF00750070>>> BDC 
(\030\025)Tj
EMC 
(\020\033\036)Tj
ET
q
0 0 585 765 re
W n
0.762 0.656 0.815  scn
/GS0 gs
q 1 0 0 1 407.5144 527.7017 cm
0 0 m
-3.998 0.697 -4.323 -0.062 v
-4.649 -0.82 -4.565 -1.969 y
-4.201 -5.154 -5.186 -5.116 y
-10.322 -2.642 -9.655 -7.436 y
-8.789 -10.59 -5.349 -8.244 y
-4.857 -7.585 -5.155 -10.301 y
-5.066 -14.092 -1.967 -12.531 y
-0.969 -11.917 -0.6 -12.391 -0.477 -12.666 c
-0.643 -12.828 -0.793 -13.016 -0.916 -13.23 c
-1.559 -14.345 -1.284 -15.722 -0.303 -16.307 c
0.678 -16.892 2.042 -16.546 2.684 -15.432 c
2.906 -15.047 2.872 -12.906 y
3.106 -10.884 8.019 -13.059 y
7.885 -7.923 l
7.808 -6.375 7.765 -5.287 y
7.832 -1.437 7.839 -0.685 v
7.845 0.066 6.852 0.202 y
h
f
Q
Q
BT
1 1 1  scn
/GS0 gs
/T1_2 1 Tf
/Span<</ActualText<FEFF0056>>> BDC 
10 0 0 10 404.79 519.8677 Tm
(\034)Tj
EMC 
0 0 0  scn
/GS1 gs
/T1_1 1 Tf
9 0 0 9 382.8109 512.644 Tm
(\020)Tj
-9.368 -1.2 Td
(\037\036)Tj
/Span<</ActualText<FEFF0066>>> BDC 
(\022)Tj
EMC 
[(\035\021\b\033)70(\032)]TJ
/Span<</ActualText<FEFF0069>>> BDC 
(\037)Tj
EMC 
(\035\036\020\027)Tj
/Span<</ActualText<FEFF0069>>> BDC 
(\037)Tj
EMC 
(\032\017\021\033)Tj
/Span<</ActualText<FEFF0063>>> BDC 
(\031)Tj
EMC 
(\t\020)Tj
0 -1.2 TD
(\025\021\035\016\021\033\b\020)Tj
/Span<</ActualText<FEFF0066>>> BDC 
(\022)Tj
EMC 
(\035\021\020\022\033)Tj
/Span<</ActualText<FEFF00630075006C>>> BDC 
(\031\030\027)Tj
EMC 
10.692 0 Td
(\032\t)Tj
/T1_4 1 Tf
8 0 0 8 298.5 478.564 Tm
(\247\023\f\200\b\223\r\032\247\021\023\201\020\013\227\032)Tj
/T1_0 1 Tf
(\225\n\255\013\t\006\023\020\002\013\n\026)Tj
/Span<</ActualText<FEFF0053>>> BDC 
T*
(\032)Tj
EMC 
(\017\t\205\002\007\017\016\026)Tj
/Span<</ActualText<FEFF004C>>> BDC 
(\030)Tj
EMC 
(\002\005\t\023\t\002\023\n\263\026)Tj
/T1_4 1 Tf
(\037\023\b\023\032)Tj
T*
(\206\017\b\001\204\201\r\017\r\227)Tj
/T1_0 1 Tf
(\026)Tj
/Span<</ActualText<FEFF0043>>> BDC 
(\034)Tj
EMC 
5.411 0 Td
(\023\006\f\021\016\026)Tj
/Span<</ActualText<FEFF004C>>> BDC 
(\030)Tj
EMC 
(\002\005\t\023\t\002\023\n\201\026)Tj
/Span<</ActualText<FEFF0053>>> BDC 
-5.411 -1.2 Td
(\032)Tj
EMC 
[(\017\n\017\007\023\274\232)90(\013\t\026)]TJ
/Span<</ActualText<FEFF0043>>> BDC 
(\034)Tj
EMC 
6.546 0 Td
(\023\006\f\021\016\263\026)Tj
/T1_4 1 Tf
(\035\020\r\r\204\016\020\b\032)Tj
-6.546 -1.2 Td
(\030\020\f\020\b\013\227)Tj
/T1_0 1 Tf
(\026\225\n\255\013\t\006\023\020\002\013\n\026)Tj
/Span<</ActualText<FEFF0053>>> BDC 
(\032)Tj
EMC 
(\017\t\205\002\007\017\016\026)Tj
/Span<</ActualText<FEFF004C>>> BDC 
T*
(\030)Tj
EMC 
(\002\005\t\023\t\002\023\n\263\026)Tj
/Span<</ActualText<FEFF0053>>> BDC 
(\032)Tj
EMC 
(\017\n\017\007\023\026)Tj
/Span<</ActualText<FEFF0043>>> BDC 
(\034)Tj
EMC 
7.955 0 Td
(\013\022\022\017\202\017)Tj
/Span<</ActualText<FEFF0057>>> BDC 
9 0 0 9 298.5 416.164 Tm
(\037)Tj
EMC 
0.834 0 Td
[(\023)2(\n)-6(\020\026\255)-16(\023)-4(\007)-3(\021\022)-6(\020)-38(\004\026\020)2(\013\026\017)-11(\006)-1(\005)-17(\017)-17(\240\026)]TJ
-0.834 -1.2 Td
[(\020)-8(\r)-9(\017\026\022)2(\002)2(\005)-6(\t)-8(\023)2(\t)-48(\004\026\002)4(\n\026\007)-8(\022)-2(\023\016)11(\016\017)-8(\016\026\023)2(\n)-8(\240\026)]TJ
T*
[(\007)-3(\021)2(\t)-12(\t)-12(\002)-3(\007)-3(\021\022)1(\021)2(\006)7(\245\026\003)-15(\r)-9(\017)-11(\n\026\017)-11(\006)-1(\005)-17(\017)-17(\240\026\020)-8(\r)-9(\017\026)]TJ
T*
[(\022)2(\002)2(\005)-6(\t)-8(\023)2(\t)-48(\004\026\002)4(\n\026\020)-8(\r)-9(\017\026\006)1(\002)4(\n)-8(\240)2(\016\026\013\255\026\255)-16(\023)-4(\007)-3(\021\022)-6(\020)-38(\004)32(\036\026)]TJ
/Span<</ActualText<FEFF004C>>> BDC 
T*
(\030)Tj
EMC 
0.509 0 Td
[(\017)-8(\023)2(\t)-12(\n\026\023\005)-14(\013)-7(\021)-7(\020\026\013)-7(\021)2(\t\026\002)4(\n)-1(\255)-9(\013)-5(\t)-12(\006)-2(\023)-3(\020)-4(\002)-3(\013)-5(\n\026)]TJ
-0.509 -1.2 Td
[(\022)2(\002)-4(\020)-1(\017)-11(\t)-8(\023)-4(\007)-35(\004\026\f)-6(\t)1(\013)-5(\202)-3(\t)-8(\023)2(\006\026\240)-10(\017)-8(\016)7(\002\202)-3(\n)-8(\017)-17(\240\026)]TJ
T*
[(\255)-9(\013)-5(\t\026\255)-16(\023)-4(\007)-3(\021\022)-6(\020)-38(\004)32(\036\026)]TJ
/Span<</ActualText<FEFF0053>>> BDC 
(\032)Tj
EMC 
5.176 0 Td
(\235)Tj
/Span<</ActualText<FEFF0041>>> BDC 
0.532 0 Td
(\035)Tj
EMC 
0.599 0 Td
[(\216)4(\246\026\236)]TJ
/Span<</ActualText<FEFF0053>>> BDC 
1.751 0 Td
(\032)Tj
EMC 
[(\r)-7(\013)-5(\t)-46(\020\026)]TJ
-8.059 -1.2 Td
[(\235)-2(\t)-8(\023)-4(\007)-35(\020)-4(\002)-3(\007)-16(\023)-1(\022\026)]TJ
/Span<</ActualText<FEFF0041>>> BDC 
(\035)Tj
EMC 
4.46 0 Td
[(\007)-16(\023)-4(\240)-10(\017)-11(\006)1(\002)-3(\007\026\216\017)-8(\016\017)-8(\023)2(\t)1(\007)-10(\r\026)]TJ
0.005 Tc -0.005 Tw -4.46 -1.2 Td
[(\246)-6(\n)-2(\013\223)-7(\022)-4(\017)-12(\240)1(\202)1(\017)24(\237)5(\026)5(\223)-2(\013\t)-9()-11(\016)6(\r)-2(\013\f)4(\016)-3(\201)5(\026)]TJ
0 Tc 0 Tw T*
[(\016\017)-12(\022)-1(\255)-5(\200)-33(\240)1(\002)4(\t)-2(\017)-17(\007)-35(\020)-1(\017)-17(\240\026\017)-33(\200)-18(\022)-9(\017)-8(\023)2(\t)-12(\n)2(\002)4(\n)-2(\202\026)]TJ
T*
[(\006)-8(\013)-14(\240)-1(\021\022)-9(\017)-8(\016)-8(\201\026\023)2(\n)-8(\240\026\n)-8(\017)-14(\223)-10(\016)3(\005)-4(\004)-40(\020)-1(\017)-8(\016\026)]TJ
T*
[(\023)2(\t)-2(\017\026\205)1(\023)-1(\022)1(\021)-3(\023\005)-9(\022)-9(\017\026\007)4(\013)-5(\006)1(\f)-14(\013)-5(\n)-8(\017)-11(\n)-6(\020)-17(\016\026\013\255\026)]TJ
/Span<</ActualText<FEFF0053>>> BDC 
T*
(\032)Tj
EMC 
0.541 0 Td
[(\017)-11(\n)-8(\017)-17(\007)-16(\023\026)]TJ
/Span<</ActualText<FEFF0043>>> BDC 
(\034)Tj
EMC 
3.305 0 Td
[(\013)-8(\022)1(\022)-9(\017)-12(\202)-4(\017)-7(\244)32(\016\026\225)8(\n)-1(\255)-9(\013)-5(\t)-12(\006)-3(\023)-3(\020)-4(\002)-3(\013)-5(\n\026)]TJ
/Span<</ActualText<FEFF004C>>> BDC 
-3.846 -1.2 Td
(\030)Tj
EMC 
0.506 0 Td
[(\002)-4(\020)-1(\017)-11(\t)-8(\023)-4(\007)-36(\004\026\f)-6(\t)1(\013)-5(\202)-3(\t)-8(\023)2(\006)-4(\036\026\003)-15(\r)-9(\017)-10(\004\026\f)-6(\t)1(\013)2(\205)-5(\002)-5(\240)-10(\017\026)]TJ
-0.506 -1.2 Td
[(\020)-8(\r)-9(\017\026\013)-5(\f)-6(\f)-14(\013)-5(\t)-46(\020)-3(\021)2(\n)2(\002)-4(\020)-38(\004\026\020)2(\013\026\017)-11(\n)-2(\r)-2(\023)2(\n)-8(\007\017\026)]TJ
T*
[(\t)-2(\017)-8(\016\017)-8(\023)2(\t)1(\007)-10(\r\026\016)3()-8(\002)2(\022)1(\022)2(\016\026\023)2(\n)-8(\240\026)-8(\n)-7(\013)-5(\223)-12(\022)-9(\017)-17(\240)-4(\202)-4(\017)-10(\201\026)]TJ
T*
[(\023)2(\n)-8(\240\026\017)-11(\n)-8(\007)4(\013)-7(\021)2(\t)-8(\023)-1(\202)-4(\017\026\002)4(\n)-6(\020)-1(\017)-12(\202)-3(\t)-8(\023)-3(\020)-4(\002)-3(\013)-5(\n\026\013\255\026)]TJ
T*
[(\022)2(\002)2(\005)-6(\t)-8(\023)2(\t)-48(\004\026\t)-2(\017)-8(\016\013)-7(\021)2(\t)1(\007\017)-8(\016\026\023)2(\n)-8(\240\026\016\017)-11(\t)-44(\205)-5(\002)-3(\007\017)-8(\016\026)]TJ
T*
[(\002)4(\n\026\020)-8(\r)-9(\017\026\007)-3(\021)2(\t)-12(\t)-12(\002)-3(\007)-3(\021\022)1(\021)2(\006)-4(\036)]TJ
/T1_5 1 Tf
7.5 0 0 7.5 298.5 212.764 Tm
[(\037)9(\036)-13(\035)-24(\034)-17(\033)-15(\035)-18(\036)-13(\032)-19(\031\030)-29(\016)-18(\021)-23(\016)-10(\025)-6(\035\030\002)-7(\024)-16(\033)-24(\021)-30(\021)-31(\033)-7(\020\030\017)-23(\033)-15(\035)-20(\033)-23(\204)-30(\026\030)]TJ
-0.009 Tc 0.009 Tw T*
[(\037\036)-25(\b)-22(\b)-27(\033)-29(\t)-21(\033)]TJ
/T1_1 1 Tf
0 Tc 0 Tw 14 0 0 14 429.75 647.284 Tm
(\002\203\002\210)Tj
ET
q
0 0 585 765 re
W n
BT
0.428 0.433 0.443  scn
/GS0 gs
/T1_2 1 Tf
9 0 0 9 457.6656 647.284 Tm
(\031)Tj
/Span<</ActualText<FEFF00690063>>> BDC 
6.3 0 0 6.3 479.9151 647.284 Tm
(\037\027)Tj
EMC 
(\032)Tj
/Span<</ActualText<FEFF0063>>> BDC 
(\027)Tj
EMC 
/Span<</ActualText<FEFF0020>>> BDC 
9 0 0 9 493.7938 647.284 Tm
(\031)Tj
EMC 
6.3 0 0 6.3 496.0438 647.284 Tm
(\b\033\t\t\013\035\035)Tj
/Span<</ActualText<FEFF006D>>> BDC 
(\030)Tj
EMC 
/Span<</ActualText<FEFF0020>>> BDC 
9 0 0 9 531.3988 647.284 Tm
(\031)Tj
EMC 
6.3 0 0 6.3 533.6488 647.284 Tm
(\b)Tj
9 0 0 9 429.75 636.484 Tm
(\020\021\016\004)Tj
/Span<</ActualText<FEFF0020>>> BDC 
(\031)Tj
EMC 
6.3 0 0 6.3 448.3798 636.484 Tm
(\r)Tj
/Span<</ActualText<FEFF006D>>> BDC 
(\030)Tj
EMC 
ET
Q
BT
/T1_3 1 Tf
9 0 0 9 429.75 623.524 Tm
[(\200)25(\024\021\021\031\016\027\033\024\032\030\f\031\017\031\021\024\025\036\031\\032\027\030)]TJ
T*
(\006\r\f\034\031\027\033\032\034)Tj
/T1_1 1 Tf
/Span<</ActualText<FEFF0045>>> BDC 
0 -1.44 TD
(\017)Tj
EMC 
(\034)Tj
/Span<</ActualText<FEFF00690064>>> BDC 
(\037\r)Tj
EMC 
(\017\036)Tj
/Span<</ActualText<FEFF0063>>> BDC 
(\031)Tj
EMC 
(\017\023)Tj
/Span<</ActualText<FEFF0062>>> BDC 
(\026)Tj
EMC 
(\033)Tj
/Span<</ActualText<FEFF0073>>> BDC 
(\024)Tj
EMC 
(\017)Tj
/Span<</ActualText<FEFF0064>>> BDC 
(\r)Tj
EMC 
(\020)Tj
0 -1.2 TD
(\031\035)Tj
/Span<</ActualText<FEFF006C006C>>> BDC 
(\027\027)Tj
EMC 
