q
0 0 585 765 re
W n
q
/GS0 gs
/Fm0 Do
Q
Q
BT
/CS0 cs 0 0 0  scn
/GS1 gs
/T1_0 1 Tf
/Span<</ActualText<FEFF0009>>> BDC 
10 0 0 10 36 19.56 Tm
(\026)Tj
EMC 
8 0 0 8 214 19.56 Tm
[(\037\037\037)110(\036\035\034\034\033\032\032\031\030\035\036\034\031\027)]TJ
/Span<</ActualText<FEFF00090066007200690064>>> BDC 
(\026)Tj
27.888 0 Td
[(\001)-40(\216)-40(\225)-40(\224)]TJ
EMC 
2.277 0 Td
(\035)Tj
/Span<</ActualText<FEFF0079>>> BDC 
0.585 0 Td
(\232)Tj
EMC 
0.59 0 Td
(\026)Tj
/Span<</ActualText<FEFF0066>>> BDC 
0.29 0 Td
(\001)Tj
EMC 
0.562 0 Td
(\033)Tj
/Span<</ActualText<FEFF00620072>>> BDC 
0.579 0 Td
[(\250)-40(\216)]TJ
EMC 
1.255 0 Td
[(\242)-40(\035)]TJ
/Span<</ActualText<FEFF00720079>>> BDC 
1.375 0 Td
[(\216)-40(\232)]TJ
EMC 
1.214 0 Td
[(\026)-40(\206)]TJ
/Span<</ActualText<FEFF0009>>> BDC 
0.76 0 Td
(\026)Tj
EMC 
3.412 0 Td
(\024\204)Tj
ET
q
0 0 585 765 re
W n
q
0 g
/GS0 gs
/Fm1 Do
Q
/CS0 CS 1 1 1  SCN
3 w 4 M 
/GS0 gs
q 1 0 0 1 -59.0977 36.1518 cm
0 0 m
8.582 84.338 0 84.383 v
-8.582 84.428 -18.508 92.26 -18.225 100 c
-17.942 107.74 -7.258 114.958 0 113.149 c
7.258 111.34 -9.435 204.411 0 204.501 c
15.898 204.654 16.016 215.878 15.538 221.86 c
14.818 237.34 -6.062 224.02 0 241.128 c
2.703 248.755 -2.695 328.06 -0.959 333.1 c
0.778 338.14 -18.683 327.7 -19.033 343.18 c
-19.382 358.66 -9.662 356.86 0 354.501 c
5.818 358.3 6.062 450.294 0 448.577 c
-6.062 446.86 -18.302 445.78 -15.345 461.26 c
-12.722 477.82 -5.278 467.183 0 472.501 c
5.278 477.82 -6.178 547.506 0 555.503 c
6.178 563.5 13.378 554.5 14.098 569.62 c
13.738 585.82 6.062 574.862 0 582.141 c
-6.062 589.42 0 638.16 y
S
Q
q 1 0 0 1 -160.5977 674.3451 cm
0 0 m
8.582 -84.338 0 -84.383 v
-8.582 -84.428 -18.508 -92.26 -18.225 -100 c
-17.942 -107.74 -7.258 -114.958 0 -113.149 c
7.258 -111.34 -9.435 -204.411 0 -204.501 c
15.898 -204.654 16.016 -215.878 15.538 -221.86 c
14.818 -237.34 -6.062 -224.02 0 -241.128 c
2.703 -248.755 -2.695 -328.06 -0.959 -333.1 c
0.778 -338.14 -18.683 -327.7 -19.033 -343.18 c
-19.382 -358.66 -9.662 -356.86 0 -354.501 c
5.818 -358.3 6.062 -450.294 0 -448.577 c
-6.062 -446.86 -18.302 -445.78 -15.345 -461.26 c
-12.722 -477.82 -5.278 -467.183 0 -472.501 c
5.278 -477.82 -6.178 -547.506 0 -555.503 c
6.178 -563.5 13.378 -554.5 14.098 -569.62 c
13.738 -585.82 6.062 -574.862 0 -582.141 c
-6.062 -589.42 0 -638.16 y
S
Q
q 1 0 0 1 -251.4777 674.3451 cm
0 0 m
-8.582 -84.338 0 -84.383 v
8.582 -84.428 18.508 -92.26 18.225 -100 c
17.942 -107.74 7.258 -114.958 0 -113.149 c
-7.258 -111.34 9.435 -204.411 0 -204.501 c
-15.898 -204.654 -16.016 -215.878 -15.538 -221.86 c
-14.818 -237.34 6.062 -224.02 0 -241.128 c
-2.703 -248.755 2.695 -328.06 0.959 -333.1 c
-0.778 -338.14 18.683 -327.7 19.033 -343.18 c
19.382 -358.66 9.662 -356.86 0 -354.501 c
-5.818 -358.3 -6.062 -450.294 0 -448.577 c
6.062 -446.86 18.302 -445.78 15.345 -461.26 c
12.722 -477.82 5.278 -467.183 0 -472.501 c
-5.278 -477.82 6.178 -547.506 0 -555.503 c
-6.178 -563.5 -13.378 -554.5 -14.098 -569.62 c
-13.738 -585.82 -6.062 -574.862 0 -582.141 c
6.062 -589.42 0 -638.16 y
S
Q
q 1 0 0 1 -357.9777 36.1518 cm
0 0 m
-8.582 84.338 0 84.383 v
8.582 84.428 18.508 92.26 18.225 100 c
17.942 107.74 7.258 114.958 0 113.149 c
-7.258 111.34 9.435 204.411 0 204.501 c
-15.898 204.654 -16.016 215.878 -15.538 221.86 c
-14.818 237.34 6.062 224.02 0 241.128 c
-2.703 248.755 2.695 328.06 0.959 333.1 c
-0.778 338.14 18.683 327.7 19.033 343.18 c
19.382 358.66 9.662 356.86 0 354.501 c
-5.818 358.3 -6.062 450.294 0 448.577 c
6.062 446.86 18.302 445.78 15.345 461.26 c
12.722 477.82 5.278 467.183 0 472.501 c
-5.278 477.82 6.178 547.506 0 555.503 c
-6.178 563.5 -13.378 554.5 -14.098 569.62 c
-13.738 585.82 -6.062 574.862 0 582.141 c
6.062 589.42 0 638.16 y
S
Q
q 1 0 0 1 -437.0977 36.1518 cm
0 0 m
8.582 84.338 0 84.383 v
-8.582 84.428 -18.508 92.26 -18.225 100 c
-17.942 107.74 -7.258 114.958 0 113.149 c
7.258 111.34 -9.435 204.411 0 204.501 c
15.898 204.654 16.016 215.878 15.538 221.86 c
14.818 237.34 -6.062 224.02 0 241.128 c
2.703 248.755 -2.695 328.06 -0.959 333.1 c
0.778 338.14 -18.683 327.7 -19.033 343.18 c
-19.382 358.66 -9.662 356.86 0 354.501 c
5.818 358.3 6.062 450.294 0 448.577 c
-6.062 446.86 -18.302 445.78 -15.345 461.26 c
-12.722 477.82 -5.278 467.183 0 472.501 c
5.278 477.82 -6.178 547.506 0 555.503 c
6.178 563.5 13.378 554.5 14.098 569.62 c
13.738 585.82 6.062 574.862 0 582.141 c
-6.062 589.42 0 638.16 y
S
Q
q 1 0 0 1 -520.9777 36.1518 cm
0 0 m
-8.582 84.338 0 84.383 v
8.582 84.428 18.508 92.26 18.225 100 c
17.942 107.74 7.258 114.958 0 113.149 c
-7.258 111.34 9.435 204.411 0 204.501 c
-15.898 204.654 -16.016 215.878 -15.538 221.86 c
-14.818 237.34 6.062 224.02 0 241.128 c
-2.703 248.755 2.695 328.06 0.959 333.1 c
-0.778 338.14 18.683 327.7 19.033 343.18 c
19.382 358.66 9.662 356.86 0 354.501 c
-5.818 358.3 -6.062 450.294 0 448.577 c
6.062 446.86 18.302 445.78 15.345 461.26 c
12.722 477.82 5.278 467.183 0 472.501 c
-5.278 477.82 6.178 547.506 0 555.503 c
-6.178 563.5 -13.378 554.5 -14.098 569.62 c
-13.738 585.82 -6.062 574.862 0 582.141 c
6.062 589.42 0 638.16 y
S
Q
q 1 0 0 1 -638.3451 546.5032 cm
0 0 m
84.338 8.582 84.383 0 v
84.428 -8.582 92.26 -18.508 100 -18.225 c
107.74 -17.942 114.958 -7.258 113.149 0 c
111.34 7.258 204.411 -9.435 204.501 0 c
204.654 15.898 215.878 16.016 221.86 15.538 c
237.34 14.818 224.02 -6.062 241.128 0 c
248.755 2.703 328.06 -2.695 333.1 -0.959 c
338.14 0.778 327.7 -18.683 343.18 -19.033 c
358.66 -19.382 356.86 -9.662 354.501 0 c
358.3 5.818 450.294 6.062 448.577 0 c
446.86 -6.062 445.78 -18.302 461.26 -15.345 c
477.82 -12.722 467.183 -5.278 472.501 0 c
477.82 5.278 547.506 -6.178 555.503 0 c
563.5 6.178 554.5 13.378 569.62 14.098 c
585.82 13.738 574.862 6.062 582.141 0 c
589.42 -6.062 638.16 0 y
S
Q
q 1 0 0 1 -0.1518 438.5032 cm
0 0 m
-84.338 8.582 -84.383 0 v
-84.428 -8.582 -92.26 -18.508 -100 -18.225 c
-107.74 -17.942 -114.958 -7.258 -113.149 0 c
-111.34 7.258 -204.411 -9.435 -204.501 0 c
-204.654 15.898 -215.878 16.016 -221.86 15.538 c
-237.34 14.818 -224.02 -6.062 -241.128 0 c
-248.755 2.703 -328.06 -2.695 -333.1 -0.959 c
-338.14 0.778 -327.7 -18.683 -343.18 -19.033 c
-358.66 -19.382 -356.86 -9.662 -354.501 0 c
-358.3 5.818 -450.294 6.062 -448.577 0 c
-446.86 -6.062 -445.78 -18.302 -461.26 -15.345 c
-477.82 -12.722 -467.183 -5.278 -472.501 0 c
-477.82 5.278 -547.506 -6.178 -555.503 0 c
-563.5 6.178 -554.5 13.378 -569.62 14.098 c
-585.82 13.738 -574.862 6.062 -582.141 0 c
-589.42 -6.062 -638.16 0 y
S
Q
q 1 0 0 1 -0.1518 313.1232 cm
0 0 m
-84.338 -8.582 -84.383 0 v
-84.428 8.582 -92.26 18.508 -100 18.225 c
-107.74 17.942 -114.958 7.258 -113.149 0 c
-111.34 -7.258 -204.411 9.435 -204.501 0 c
-204.654 -15.898 -215.878 -16.016 -221.86 -15.538 c
-237.34 -14.818 -224.02 6.062 -241.128 0 c
-248.755 -2.703 -328.06 2.695 -333.1 0.959 c
-338.14 -0.778 -327.7 18.683 -343.18 19.033 c
-358.66 19.382 -356.86 9.662 -354.501 0 c
-358.3 -5.818 -450.294 -6.062 -448.577 0 c
-446.86 6.062 -445.78 18.302 -461.26 15.345 c
-477.82 12.722 -467.183 5.278 -472.501 0 c
-477.82 -5.278 -547.506 6.178 -555.503 0 c
-563.5 -6.178 -554.5 -13.378 -569.62 -14.098 c
-585.82 -13.738 -574.862 -6.062 -582.141 0 c
-589.42 6.062 -638.16 0 y
S
Q
q 1 0 0 1 -0.1518 195.7914 cm
0 0 m
-84.338 8.582 -84.383 0 v
-84.428 -8.582 -92.26 -18.508 -100 -18.225 c
-107.74 -17.942 -114.958 -7.258 -113.149 0 c
-111.34 7.258 -204.411 -9.435 -204.501 0 c
-204.654 15.898 -215.878 16.016 -221.86 15.538 c
-237.34 14.818 -224.02 -6.062 -241.128 0 c
-248.755 2.703 -328.06 -2.695 -333.1 -0.959 c
-338.14 0.778 -327.7 -18.683 -343.18 -19.033 c
-358.66 -19.382 -356.86 -9.662 -354.501 0 c
-358.3 5.818 -450.294 6.062 -448.577 0 c
-446.86 -6.062 -445.78 -18.302 -461.26 -15.345 c
-477.82 -12.722 -467.183 -5.278 -472.501 0 c
-477.82 5.278 -547.506 -6.178 -555.503 0 c
-563.5 6.178 -554.5 13.378 -569.62 14.098 c
-585.82 13.738 -574.862 6.062 -582.141 0 c
-589.42 -6.062 -638.16 0 y
S
Q
q 1 0 0 1 -638.3451 84.4527 cm
0 0 m
84.338 8.582 84.383 0 v
84.428 -8.582 92.26 -18.508 100 -18.225 c
107.74 -17.942 114.958 -7.258 113.149 0 c
111.34 7.258 204.411 -9.435 204.501 0 c
204.654 15.898 215.878 16.016 221.86 15.538 c
237.34 14.818 224.02 -6.062 241.128 0 c
248.755 2.703 328.06 -2.695 333.1 -0.959 c
338.14 0.778 327.7 -18.683 343.18 -19.033 c
358.66 -19.382 356.86 -9.662 354.501 0 c
358.3 5.818 450.294 6.062 448.577 0 c
446.86 -6.062 445.78 -18.302 461.26 -15.345 c
477.82 -12.722 467.183 -5.278 472.501 0 c
477.82 5.278 547.506 -6.178 555.503 0 c
563.5 6.178 554.5 13.378 569.62 14.098 c
585.82 13.738 574.862 6.062 582.141 0 c
589.42 -6.062 638.16 0 y
S
Q
Q
1 1 1  scn
/GS0 gs
74.05 58.339 72 90 re
f
q
74.05 58.339 72 90 re
W n
q
73.9199982 0 0 91.9199982 73.0099945 57.5786285 cm
/Im0 Do
Q
Q
/CS0 CS 1 1 1  SCN
4 M 
74.05 58.339 72 90 re
S
BT
0 0 0  scn
/GS1 gs
/T1_0 1 Tf
/Span<</ActualText<FEFF004D>>> BDC 
7.5 0 0 7.5 74.05 47.0313 Tm
(\027)Tj
EMC 
(\023\t\004\026)Tj
/Span<</ActualText<FEFF0053>>> BDC 
(\032)Tj
EMC 
(\023\023\022\021\026)Tj
/T1_1 1 Tf
(\002\004\004\207)Tj
ET
1 1 1  scn
/GS0 gs
253.11 58.187 72 90 re
f
q
253.11 58.187 72 90 re
W n
q
72.7977753 0 0 90 253.1099854 58.1868286 cm
/Im1 Do
Q
Q
253.11 58.187 72 90 re
S
BT
0 0 0  scn
/GS1 gs
/T1_0 1 Tf
7.5 0 0 7.5 253.11 46.8795 Tm
(\243\021\240\002\020\r\026)Tj
/Span<</ActualText<FEFF0041>>> BDC 
(\035)Tj
EMC 
(\n\240\017\t\016\013\n\026)Tj
/T1_1 1 Tf
(\002\004\004\213)Tj
ET
1 1 1  scn
/GS0 gs
163.33 58.339 72 90 re
f
q
163.33 58.339 72 90 re
W n
q
72.9600067 0 0 90.9599915 163.3300171 57.3786316 cm
/Im2 Do
Q
Q
163.33 58.339 72 90 re
S
BT
0 0 0  scn
/GS1 gs
/T1_0 1 Tf
/Span<</ActualText<FEFF004C>>> BDC 
7.5 0 0 7.5 163.33 47.0313 Tm
(\030)Tj
EMC 
[(\017\016\022\017\004\026\001)70(\023\t\006\017\t\026)]TJ
/T1_1 1 Tf
(\002\004\004\211)Tj
ET
1 1 1  scn
/GS0 gs
341.89 58.339 72 90 re
f
q
341.89 58.339 72 90 re
W n
q
72.9600067 0 0 90.9599915 341.8900146 57.3786316 cm
/Im3 Do
Q
Q
341.89 58.339 72 90 re
S
BT
0 0 0  scn
/GS1 gs
/T1_0 1 Tf
7.5 0 0 7.5 341.89 47.0313 Tm
(\216\023\007\r\017\022\026\246\017\t\t\026)Tj
/T1_1 1 Tf
(\002\004\004\213)Tj
ET
1 1 1  scn
/GS0 gs
431.17 58.339 72 90 re
f
q
431.17 58.339 72 90 re
W n
q
73.9199982 0 0 91.9199982 430.1299744 57.4986267 cm
/Im4 Do
Q
Q
431.17 58.339 72 90 re
S
BT
0 0 0  scn
/GS1 gs
/T1_0 1 Tf
/Span<</ActualText<FEFF0053>>> BDC 
7.5 0 0 7.5 431.17 47.0313 Tm
(\032)Tj
EMC 
(\r\023\n\017\026)Tj
/Span<</ActualText<FEFF0053>>> BDC 
(\032)Tj
EMC 
(\020\023\202\202\026)Tj
/T1_1 1 Tf
(\002\004\004\213)Tj
ET
1 1 1  scn
/GS0 gs
431.17 178.564 72 90 re
f
q
431.17 178.564 72 90 re
W n
q
72.9600067 0 0 90.9599915 431.1699829 177.604248 cm
/Im5 Do
Q
Q
431.17 178.564 72 90 re
S
BT
0 0 0  scn
/GS1 gs
/T1_0 1 Tf
/Span<</ActualText<FEFF004C>>> BDC 
7.5 0 0 7.5 431.17 167.257 Tm
(\030)Tj
EMC 
(\017\016\020\017\t\026)Tj
/Span<</ActualText<FEFF0057>>> BDC 
(\037)Tj
EMC 
3.58 0 Td
(\017\005\005\026)Tj
/T1_1 1 Tf
(\002\004\004\207)Tj
ET
1 1 1  scn
/GS0 gs
341.89 178.564 72 90 re
f
q
341.89 178.564 72 90 re
W n
q
72.9600067 0 0 91.9199982 341.8900146 177.7242279 cm
/Im6 Do
Q
Q
341.89 178.564 72 90 re
S
BT
0 0 0  scn
/GS1 gs
/T1_0 1 Tf
7.5 0 0 7.5 341.89 167.257 Tm
(\246\023\t\017\n\026)Tj
/Span<</ActualText<FEFF0041>>> BDC 
(\035)Tj
EMC 
(\n\240\017\t\016\013\n\026)Tj
/T1_1 1 Tf
(\002\004\004\207)Tj
ET
1 1 1  scn
/GS0 gs
252.61 178.564 72 90 re
f
q
252.61 178.564 72 90 re
W n
q
72.9600067 0 0 92.1600037 252.6099854 177.6042633 cm
/Im7 Do
Q
Q
252.61 178.564 72 90 re
S
BT
0 0 0  scn
/GS1 gs
/T1_0 1 Tf
/Span<</ActualText<FEFF0043>>> BDC 
7.5 0 0 7.5 252.61 167.257 Tm
(\034)Tj
EMC 
(\r\t\002\016\020\013\f\r\017\t\026)Tj
0 -1.2 TD
[(\210)70(\023\n\240\017\t\t\021\004\016\026)]TJ
/T1_1 1 Tf
(\002\004\004\004)Tj
ET
1 1 1  scn
/GS0 gs
163.33 178.564 72 90 re
f
q
163.33 178.564 72 90 re
W n
q
72.9600067 0 0 90.9599915 163.3300171 177.604248 cm
/Im8 Do
Q
Q
163.33 178.564 72 90 re
S
BT
0 0 0  scn
/GS1 gs
/T1_0 1 Tf
/Span<</ActualText<FEFF0041>>> BDC 
7.5 0 0 7.5 163.33 167.257 Tm
(\035)Tj
EMC 
(\n\n\017\026\224\013\t\016\017\004\026)Tj
/T1_1 1 Tf
(\002\004\004\004)Tj
ET
1 1 1  scn
/GS0 gs
74.05 178.564 72 90 re
f
q
74.05 178.564 72 90 re
W n
q
72.9600067 0 0 92.1600037 74.0499878 177.6442413 cm
/Im9 Do
Q
Q
74.05 178.564 72 90 re
S
BT
0 0 0  scn
/GS1 gs
/T1_0 1 Tf
/Span<</ActualText<FEFF004C>>> BDC 
7.5 0 0 7.5 74.05 167.257 Tm
(\030)Tj
EMC 
(\013\021\002\016\026)Tj
/Span<</ActualText<FEFF0043>>> BDC 
(\034)Tj
EMC 
(\r\013\254\021\017\020\020\017\026)Tj
/T1_1 1 Tf
(\002\004\004\002)Tj
ET
1 1 1  scn
/GS0 gs
72.05 298.79 72 90 re
f
q
73.05 298.95 71 89.84 re
W n
q
71.7599945 0 0 90.9599915 73.0499878 298.9498596 cm
/Im10 Do
Q
Q
72.05 298.79 72 90 re
S
BT
0 0 0  scn
/GS1 gs
/T1_0 1 Tf
7.5 0 0 7.5 74.05 287.4825 Tm
(\224\002\226\002\023\026\230\002\n\026)Tj
/T1_1 1 Tf
(\002\004\002\207)Tj
ET
1 1 1  scn
/GS0 gs
163.33 298.79 72 90 re
f
q
163.33 298.79 72 90 re
W n
q
73.9199982 0 0 91.9199982 162.2900238 297.9898529 cm
/Im11 Do
Q
Q
163.33 298.79 72 90 re
S
BT
0 0 0  scn
/GS1 gs
/T1_0 1 Tf
7.5 0 0 7.5 163.33 287.4825 Tm
(\003\r\021\006\017\023\026)Tj
/Span<</ActualText<FEFF004D>>> BDC 
(\027)Tj
EMC 
(\202\223\002\202\223\002\026)Tj
/T1_1 1 Tf
T*
(\002\004\002\210)Tj
ET
1 1 1  scn
/GS0 gs
252.61 298.79 72 90 re
f
q
252.61 298.79 72 90 re
W n
q
72.9600067 0 0 90.9599915 252.6099854 297.8298645 cm
/Im12 Do
Q
Q
252.61 298.79 72 90 re
S
BT
0 0 0  scn
/GS1 gs
/T1_0 1 Tf
7.5 0 0 7.5 252.61 287.4825 Tm
(\243\017\n\n\002\255\017\t\026)Tj
/Span<</ActualText<FEFF0045>>> BDC 
(\033)Tj
EMC 
(\023\016\020\017\t\026)Tj
/T1_1 1 Tf
(\002\004\002\212)Tj
ET
1 1 1  scn
/GS0 gs
341.89 298.79 72 90 re
f
q
341.89 298.79 72 90 re
W n
q
73.9199982 0 0 92.1600037 340.7700195 297.8298798 cm
/Im13 Do
Q
Q
341.89 298.79 72 90 re
S
BT
0 0 0  scn
/GS1 gs
/T1_0 1 Tf
/Span<</ActualText<FEFF004C>>> BDC 
7.5 0 0 7.5 341.89 287.4825 Tm
(\030)Tj
EMC 
(\017\016\022\002\017\026\001\002\t\020\r\026)Tj
/T1_1 1 Tf
(\002\004\002\213)Tj
ET
1 1 1  scn
/GS0 gs
431.17 298.79 72 90 re
f
q
431.17 298.79 72 90 re
W n
q
72.9600067 0 0 90.9599915 431.1699829 297.8298645 cm
/Im14 Do
Q
Q
431.17 298.79 72 90 re
S
BT
0 0 0  scn
/GS1 gs
/T1_0 1 Tf
/Span<</ActualText<FEFF004D>>> BDC 
7.5 0 0 7.5 431.17 287.4825 Tm
(\027)Tj
EMC 
(\017\202\023\n\026\214\023\t\241\023\026\216\021\017\016\020\026)Tj
/T1_1 1 Tf
T*
(\002\004\004\003)Tj
/T1_0 1 Tf
/Span<</ActualText<FEFF0053>>> BDC 
0 17.23 TD
(\032)Tj
EMC 
[(\023\t\023\r\026\001)40(\013\t\005\017\016\026)]TJ
/T1_1 1 Tf
(\002\004\002\203)Tj
ET
1 1 1  scn
/GS0 gs
431.17 419.015 72 90 re
f
q
431.17 419.016 72 90 re
W n
q
72.9600067 0 0 91.9199982 431.1699829 418.1754303 cm
/Im15 Do
Q
Q
431.17 419.015 72 90 re
S
BT
0 0 0  scn
/GS1 gs
/T1_0 1 Tf
7.5 0 0 7.5 341.89 407.7081 Tm
(\216\023\n\240\017\017\026)Tj
/Span<</ActualText<FEFF004C>>> BDC 
(\030)Tj
EMC 
(\013\021\016\026)Tj
/T1_1 1 Tf
(\002\004\002\003)Tj
ET
1 1 1  scn
/GS0 gs
341.89 419.015 72 90 re
f
q
341.89 419.016 72 90 re
W n
q
72.9600067 0 0 91.9199982 341.8900146 418.1754303 cm
/Im16 Do
Q
Q
341.89 419.015 72 90 re
S
BT
0 0 0  scn
/GS1 gs
/T1_0 1 Tf
7.5 0 0 7.5 252.61 407.7081 Tm
(\224\023\t\004\022\026\221\013\205\023\026)Tj
/T1_1 1 Tf
(\002\004\002\003)Tj
ET
1 1 1  scn
/GS0 gs
252.61 419.015 72 90 re
f
q
252.61 419.016 72 90 re
W n
q
72.9600067 0 0 92.1600037 252.6099854 418.0954437 cm
/Im17 Do
Q
Q
252.61 419.015 72 90 re
S
BT
0 0 0  scn
/GS1 gs
/T1_0 1 Tf
/Span<</ActualText<FEFF0057>>> BDC 
7.5 0 0 7.5 163.33 407.7081 Tm
(\037)Tj
EMC 
0.804 0 Td
(\017\n\240\004\026\247\002\007\016\026)Tj
/T1_1 1 Tf
(\002\004\003\213)Tj
ET
1 1 1  scn
/GS0 gs
163.33 419.015 72 90 re
f
q
163.33 419.016 72 90 re
W n
q
72.9600067 0 0 90.9599915 163.3300171 418.0554504 cm
/Im18 Do
Q
Q
163.33 419.015 72 90 re
S
BT
0 0 0  scn
/GS1 gs
/T1_0 1 Tf
/Span<</ActualText<FEFF0053>>> BDC 
7.5 0 0 7.5 74.05 407.7081 Tm
(\032)Tj
EMC 
(\023\t\023\r\026\243\013\n\017\016\026)Tj
/T1_1 1 Tf
(\002\004\003\211)Tj
ET
1 1 1  scn
/GS0 gs
74.05 419.015 72 90 re
f
q
74.05 419.016 72 90 re
W n
q
72.9600067 0 0 90.9599915 74.0499878 418.0554504 cm
/Im19 Do
Q
Q
74.05 419.015 72 90 re
S
BT
0 0 0  scn
/GS1 gs
/T1_0 1 Tf
7.5 0 0 7.5 74.05 527.9338 Tm
(\246\n\021\240\026)Tj
/Span<</ActualText<FEFF0053>>> BDC 
(\032)Tj
EMC 
(\007\r\021\022\241\026)Tj
/T1_1 1 Tf
(\002\004\003\203)Tj
/T1_0 1 Tf
/Span<</ActualText<FEFF0043>>> BDC 
11.904 0 Td
(\034)Tj
EMC 
0.575 0 Td
(\023\020\r\017\t\002\n\017\026)Tj
/Span<</ActualText<FEFF0053>>> BDC 
3.63 0 Td
(\032)Tj
EMC 
(\017\023\006\023\n\026)Tj
/T1_1 1 Tf
3.589 0 Td
(\002\004\003\001)Tj
/T1_0 1 Tf
4.111 0 Td
(\243\021\022\002\017\026\224\017\016\006\023\t\023\002\016\026)Tj
/T1_1 1 Tf
(\002\004\003\001)Tj
/T1_0 1 Tf
/Span<</ActualText<FEFF0043>>> BDC 
11.904 0 Td
(\034)Tj
EMC 
0.58 0 Td
(\013\021\t\020\n\017\004\026)Tj
/Span<</ActualText<FEFF004C>>> BDC 
(\030)Tj
EMC 
(\021\n\240\t\002\202\023\n\026)Tj
/T1_1 1 Tf
-0.58 -1.2 Td
(\002\004\003\210)Tj
/T1_0 1 Tf
/Span<</ActualText<FEFF0045>>> BDC 
11.904 1.2 Td
(\033)Tj
EMC 
0.518 0 Td
(\205\023\026\224\013\240\016\223\013\t\020\r\026)Tj
/T1_1 1 Tf
(\002\004\003\210)Tj
ET
1 1 1  scn
/GS0 gs
431.17 539.241 72 90 re
f
q
431.17 539.241 72 90 re
W n
q
73.9199982 0 0 91.9199982 430.0899963 538.4810028 cm
/Im20 Do
Q
Q
431.17 539.241 72 90 re
S
341.89 539.241 72 90 re
f
q
341.89 539.241 72 90 re
W n
q
73.9199982 0 0 91.9199982 340.8500061 538.3610077 cm
/Im21 Do
Q
Q
341.89 539.241 72 90 re
S
252.61 539.241 72 90 re
f
q
252.61 539.241 72 90 re
W n
q
72.9600067 0 0 90.9599915 252.6099854 538.2810364 cm
/Im22 Do
Q
Q
252.61 539.241 72 90 re
S
163.33 539.241 72 90 re
f
q
163.33 539.241 72 90 re
W n
q
72.9600067 0 0 90.9599915 163.3300171 538.2810364 cm
/Im23 Do
Q
Q
163.33 539.241 72 90 re
S
74.05 539.241 72 90 re
f
q
74.05 539.241 72 90 re
W n
q
72.9600067 0 0 90.9599915 74.0499878 538.2810364 cm
/Im24 Do
Q
Q
74.05 539.241 72 90 re
S
