q
0 0 585 765 re
W n
q
/GS0 gs
/Fm0 Do
Q
Q
/CS0 cs 1 1 1  scn
/GS0 gs
37.08 10.26 514.08 16.74 re
f
BT
0 0 0  scn
/GS1 gs
/T1_0 1 Tf
8 0 0 8 37.08 21.048 Tm
(\215\024)Tj
0.04 Tc -0.04 Tw /Span<</ActualText<FEFF000900740068>>> BDC 
[(\026)-3047(\003\247)]TJ
EMC 
(\242)Tj
/Span<</ActualText<FEFF0072>>> BDC 
(\216)Tj
EMC 
(\032)Tj
/Span<</ActualText<FEFF0064>>> BDC 
(\224)Tj
EMC 
(\035)Tj
/Span<</ActualText<FEFF0079>>> BDC 
9.039 0 Td
(\232)Tj
EMC 
(\026\001\033)Tj
/Span<</ActualText<FEFF00620072>>> BDC 
(\250\216)Tj
EMC 
(\242\035)Tj
/Span<</ActualText<FEFF00720079>>> BDC 
(\216\232)Tj
EMC 
(\026\215)Tj
/Span<</ActualText<FEFF0009004F004C0041>>> BDC 
(\026)Tj
19.517 0 Td
(\031\030\035)Tj
EMC 
(\026)Tj
/Span<</ActualText<FEFF0053>>> BDC 
(\032)Tj
EMC 
(\242)Tj
/Span<</ActualText<FEFF0070>>> BDC 
(\235)Tj
EMC 
(\033)Tj
/Span<</ActualText<FEFF0072>>> BDC 
(\216)Tj
EMC 
(\026)Tj
/Span<</ActualText<FEFF0043>>> BDC 
(\034)Tj
EMC 
(\031)Tj
/Span<</ActualText<FEFF006E0066>>> BDC 
(\221\001)Tj
EMC 
(\033)Tj
/Span<</ActualText<FEFF0072>>> BDC 
(\216)Tj
EMC 
(\033)Tj
/Span<</ActualText<FEFF006E>>> BDC 
(\221)Tj
EMC 
(\034\033\026\215\217\220\215)Tj
ET
q
0 0 585 765 re
W n
q
0 g
/GS0 gs
0 Tc 0 Tw /Fm1 Do
Q
/CS0 CS 1 1 1  SCN
3 w 4 M 
/GS0 gs
q 1 0 0 1 525.9023 36.1518 cm
0 0 m
8.582 84.338 0 84.383 v
-8.582 84.428 -18.508 92.26 -18.225 100 c
-17.942 107.74 -7.258 114.958 0 113.149 c
7.258 111.34 -9.435 204.411 0 204.501 c
15.898 204.654 16.016 215.878 15.538 221.86 c
14.818 237.34 -6.062 224.02 0 241.128 c
2.703 248.755 -2.695 328.06 -0.959 333.1 c
0.778 338.14 -18.683 327.7 -19.033 343.18 c
-19.382 358.66 -9.662 356.86 0 354.501 c
5.818 358.3 6.062 450.294 0 448.577 c
-6.062 446.86 -18.302 445.78 -15.345 461.26 c
-12.722 477.82 -5.278 467.183 0 472.501 c
5.278 477.82 -6.178 547.506 0 555.503 c
6.178 563.5 13.378 554.5 14.098 569.62 c
13.738 585.82 6.062 574.862 0 582.141 c
-6.062 589.42 0 638.16 y
S
Q
q 1 0 0 1 424.4023 674.3451 cm
0 0 m
8.582 -84.338 0 -84.383 v
-8.582 -84.428 -18.508 -92.26 -18.225 -100 c
-17.942 -107.74 -7.258 -114.958 0 -113.149 c
7.258 -111.34 -9.435 -204.411 0 -204.501 c
15.898 -204.654 16.016 -215.878 15.538 -221.86 c
14.818 -237.34 -6.062 -224.02 0 -241.128 c
2.703 -248.755 -2.695 -328.06 -0.959 -333.1 c
0.778 -338.14 -18.683 -327.7 -19.033 -343.18 c
-19.382 -358.66 -9.662 -356.86 0 -354.501 c
5.818 -358.3 6.062 -450.294 0 -448.577 c
-6.062 -446.86 -18.302 -445.78 -15.345 -461.26 c
-12.722 -477.82 -5.278 -467.183 0 -472.501 c
5.278 -477.82 -6.178 -547.506 0 -555.503 c
6.178 -563.5 13.378 -554.5 14.098 -569.62 c
13.738 -585.82 6.062 -574.862 0 -582.141 c
-6.062 -589.42 0 -638.16 y
S
Q
q 1 0 0 1 333.5223 674.3451 cm
0 0 m
-8.582 -84.338 0 -84.383 v
8.582 -84.428 18.508 -92.26 18.225 -100 c
17.942 -107.74 7.258 -114.958 0 -113.149 c
-7.258 -111.34 9.435 -204.411 0 -204.501 c
-15.898 -204.654 -16.016 -215.878 -15.538 -221.86 c
-14.818 -237.34 6.062 -224.02 0 -241.128 c
-2.703 -248.755 2.695 -328.06 0.959 -333.1 c
-0.778 -338.14 18.683 -327.7 19.033 -343.18 c
19.382 -358.66 9.662 -356.86 0 -354.501 c
-5.818 -358.3 -6.062 -450.294 0 -448.577 c
6.062 -446.86 18.302 -445.78 15.345 -461.26 c
12.722 -477.82 5.278 -467.183 0 -472.501 c
-5.278 -477.82 6.178 -547.506 0 -555.503 c
-6.178 -563.5 -13.378 -554.5 -14.098 -569.62 c
-13.738 -585.82 -6.062 -574.862 0 -582.141 c
6.062 -589.42 0 -638.16 y
S
Q
q 1 0 0 1 227.0223 36.1518 cm
0 0 m
-8.582 84.338 0 84.383 v
8.582 84.428 18.508 92.26 18.225 100 c
17.942 107.74 7.258 114.958 0 113.149 c
-7.258 111.34 9.435 204.411 0 204.501 c
-15.898 204.654 -16.016 215.878 -15.538 221.86 c
-14.818 237.34 6.062 224.02 0 241.128 c
-2.703 248.755 2.695 328.06 0.959 333.1 c
-0.778 338.14 18.683 327.7 19.033 343.18 c
19.382 358.66 9.662 356.86 0 354.501 c
-5.818 358.3 -6.062 450.294 0 448.577 c
6.062 446.86 18.302 445.78 15.345 461.26 c
12.722 477.82 5.278 467.183 0 472.501 c
-5.278 477.82 6.178 547.506 0 555.503 c
-6.178 563.5 -13.378 554.5 -14.098 569.62 c
-13.738 585.82 -6.062 574.862 0 582.141 c
6.062 589.42 0 638.16 y
S
Q
q 1 0 0 1 147.9023 36.1518 cm
0 0 m
8.582 84.338 0 84.383 v
-8.582 84.428 -18.508 92.26 -18.225 100 c
-17.942 107.74 -7.258 114.958 0 113.149 c
7.258 111.34 -9.435 204.411 0 204.501 c
15.898 204.654 16.016 215.878 15.538 221.86 c
14.818 237.34 -6.062 224.02 0 241.128 c
2.703 248.755 -2.695 328.06 -0.959 333.1 c
0.778 338.14 -18.683 327.7 -19.033 343.18 c
-19.382 358.66 -9.662 356.86 0 354.501 c
5.818 358.3 6.062 450.294 0 448.577 c
-6.062 446.86 -18.302 445.78 -15.345 461.26 c
-12.722 477.82 -5.278 467.183 0 472.501 c
5.278 477.82 -6.178 547.506 0 555.503 c
6.178 563.5 13.378 554.5 14.098 569.62 c
13.738 585.82 6.062 574.862 0 582.141 c
-6.062 589.42 0 638.16 y
S
Q
q 1 0 0 1 64.0223 36.1518 cm
0 0 m
-8.582 84.338 0 84.383 v
8.582 84.428 18.508 92.26 18.225 100 c
17.942 107.74 7.258 114.958 0 113.149 c
-7.258 111.34 9.435 204.411 0 204.501 c
-15.898 204.654 -16.016 215.878 -15.538 221.86 c
-14.818 237.34 6.062 224.02 0 241.128 c
-2.703 248.755 2.695 328.06 0.959 333.1 c
-0.778 338.14 18.683 327.7 19.033 343.18 c
19.382 358.66 9.662 356.86 0 354.501 c
-5.818 358.3 -6.062 450.294 0 448.577 c
6.062 446.86 18.302 445.78 15.345 461.26 c
12.722 477.82 5.278 467.183 0 472.501 c
-5.278 477.82 6.178 547.506 0 555.503 c
-6.178 563.5 -13.378 554.5 -14.098 569.62 c
-13.738 585.82 -6.062 574.862 0 582.141 c
6.062 589.42 0 638.16 y
S
Q
q 1 0 0 1 -53.3451 546.5032 cm
0 0 m
84.338 8.582 84.383 0 v
84.428 -8.582 92.26 -18.508 100 -18.225 c
107.74 -17.942 114.958 -7.258 113.149 0 c
111.34 7.258 204.411 -9.435 204.501 0 c
204.654 15.898 215.878 16.016 221.86 15.538 c
237.34 14.818 224.02 -6.062 241.128 0 c
248.755 2.703 328.06 -2.695 333.1 -0.959 c
338.14 0.778 327.7 -18.683 343.18 -19.033 c
358.66 -19.382 356.86 -9.662 354.501 0 c
358.3 5.818 450.294 6.062 448.577 0 c
446.86 -6.062 445.78 -18.302 461.26 -15.345 c
477.82 -12.722 467.183 -5.278 472.501 0 c
477.82 5.278 547.506 -6.178 555.503 0 c
563.5 6.178 554.5 13.378 569.62 14.098 c
585.82 13.738 574.862 6.062 582.141 0 c
589.42 -6.062 638.16 0 y
S
Q
q 1 0 0 1 584.8481 438.5032 cm
0 0 m
-84.338 8.582 -84.383 0 v
-84.428 -8.582 -92.26 -18.508 -100 -18.225 c
-107.74 -17.942 -114.958 -7.258 -113.149 0 c
-111.34 7.258 -204.411 -9.435 -204.501 0 c
-204.654 15.898 -215.878 16.016 -221.86 15.538 c
-237.34 14.818 -224.02 -6.062 -241.128 0 c
-248.755 2.703 -328.06 -2.695 -333.1 -0.959 c
-338.14 0.778 -327.7 -18.683 -343.18 -19.033 c
-358.66 -19.382 -356.86 -9.662 -354.501 0 c
-358.3 5.818 -450.294 6.062 -448.577 0 c
-446.86 -6.062 -445.78 -18.302 -461.26 -15.345 c
-477.82 -12.722 -467.183 -5.278 -472.501 0 c
-477.82 5.278 -547.506 -6.178 -555.503 0 c
-563.5 6.178 -554.5 13.378 -569.62 14.098 c
-585.82 13.738 -574.862 6.062 -582.141 0 c
-589.42 -6.062 -638.16 0 y
S
Q
q 1 0 0 1 584.8481 313.1232 cm
0 0 m
-84.338 -8.582 -84.383 0 v
-84.428 8.582 -92.26 18.508 -100 18.225 c
-107.74 17.942 -114.958 7.258 -113.149 0 c
-111.34 -7.258 -204.411 9.435 -204.501 0 c
-204.654 -15.898 -215.878 -16.016 -221.86 -15.538 c
-237.34 -14.818 -224.02 6.062 -241.128 0 c
-248.755 -2.703 -328.06 2.695 -333.1 0.959 c
-338.14 -0.778 -327.7 18.683 -343.18 19.033 c
-358.66 19.382 -356.86 9.662 -354.501 0 c
-358.3 -5.818 -450.294 -6.062 -448.577 0 c
-446.86 6.062 -445.78 18.302 -461.26 15.345 c
-477.82 12.722 -467.183 5.278 -472.501 0 c
-477.82 -5.278 -547.506 6.178 -555.503 0 c
-563.5 -6.178 -554.5 -13.378 -569.62 -14.098 c
-585.82 -13.738 -574.862 -6.062 -582.141 0 c
-589.42 6.062 -638.16 0 y
S
Q
q 1 0 0 1 584.8481 195.7914 cm
0 0 m
-84.338 8.582 -84.383 0 v
-84.428 -8.582 -92.26 -18.508 -100 -18.225 c
-107.74 -17.942 -114.958 -7.258 -113.149 0 c
-111.34 7.258 -204.411 -9.435 -204.501 0 c
-204.654 15.898 -215.878 16.016 -221.86 15.538 c
-237.34 14.818 -224.02 -6.062 -241.128 0 c
-248.755 2.703 -328.06 -2.695 -333.1 -0.959 c
-338.14 0.778 -327.7 -18.683 -343.18 -19.033 c
-358.66 -19.382 -356.86 -9.662 -354.501 0 c
-358.3 5.818 -450.294 6.062 -448.577 0 c
-446.86 -6.062 -445.78 -18.302 -461.26 -15.345 c
-477.82 -12.722 -467.183 -5.278 -472.501 0 c
-477.82 5.278 -547.506 -6.178 -555.503 0 c
-563.5 6.178 -554.5 13.378 -569.62 14.098 c
-585.82 13.738 -574.862 6.062 -582.141 0 c
-589.42 -6.062 -638.16 0 y
S
Q
q 1 0 0 1 -53.3451 84.4527 cm
0 0 m
84.338 8.582 84.383 0 v
84.428 -8.582 92.26 -18.508 100 -18.225 c
107.74 -17.942 114.958 -7.258 113.149 0 c
111.34 7.258 204.411 -9.435 204.501 0 c
204.654 15.898 215.878 16.016 221.86 15.538 c
237.34 14.818 224.02 -6.062 241.128 0 c
248.755 2.703 328.06 -2.695 333.1 -0.959 c
338.14 0.778 327.7 -18.683 343.18 -19.033 c
358.66 -19.382 356.86 -9.662 354.501 0 c
358.3 5.818 450.294 6.062 448.577 0 c
446.86 -6.062 445.78 -18.302 461.26 -15.345 c
477.82 -12.722 467.183 -5.278 472.501 0 c
477.82 5.278 547.506 -6.178 555.503 0 c
563.5 6.178 554.5 13.378 569.62 14.098 c
585.82 13.738 574.862 6.062 582.141 0 c
589.42 -6.062 638.16 0 y
S
Q
Q
BT
/T1_1 1 Tf
0 Tc 0 Tw 14 0 0 14 36 647.144 Tm
(\203\003\213)Tj
ET
q
0 0 585 765 re
W n
BT
0.428 0.433 0.443  scn
/GS0 gs
/T1_2 1 Tf
9 0 0 9 60.1356 647.144 Tm
(\031)Tj
/Span<</ActualText<FEFF006D>>> BDC 
6.3 0 0 6.3 104.3646 647.144 Tm
(\030)Tj
EMC 
(\032)Tj
/Span<</ActualText<FEFF00630063>>> BDC 
(\027\027)Tj
EMC 
/Span<</ActualText<FEFF0020>>> BDC 
9 0 0 9 121.8847 647.144 Tm
(\031)Tj
EMC 
(\026\025\024)Tj
6.3 0 0 6.3 140.2263 647.144 Tm
(\023)Tj
9 0 0 9 36 636.344 Tm
(\022\021\025\004)Tj
/Span<</ActualText<FEFF0020>>> BDC 
(\031)Tj
EMC 
6.3 0 0 6.3 56.0517 636.344 Tm
(\033)Tj
/Span<</ActualText<FEFF006D>>> BDC 
(\030)Tj
EMC 
ET
Q
BT
/T1_3 1 Tf
9 0 0 9 36 623.384 Tm
(\013\035\032\035\034\031\036\031\032\027)Tj
/T1_1 1 Tf
/Span<</ActualText<FEFF0054>>> BDC 
0 -1.44 TD
(\032)Tj
EMC 
(\013\017\020)Tj
/Span<</ActualText<FEFF00410063006300690064>>> BDC 
(\033\031\031\037\r)Tj
EMC 
[(\017\036\032)70(\033)]TJ
/Span<</ActualText<FEFF006C>>> BDC 
(\027)Tj
EMC 
(\020)Tj
/Span<</ActualText<FEFF004D>>> BDC 
0 -1.2 TD
(\b)Tj
EMC 
(\033\036\033\016\017\021)Tj
ET
q
0 0 585 765 re
W n
0.762 0.656 0.815  scn
/GS0 gs
q 1 0 0 1 145.2844 623.6817 cm
0 0 m
-3.998 0.697 -4.323 -0.062 v
-4.649 -0.82 -4.565 -1.969 y
-4.201 -5.154 -5.186 -5.116 y
-10.322 -2.642 -9.655 -7.436 y
-8.789 -10.59 -5.349 -8.244 y
-4.857 -7.585 -5.155 -10.301 y
-5.066 -14.092 -1.967 -12.531 y
-0.969 -11.917 -0.6 -12.391 -0.477 -12.666 c
-0.643 -12.828 -0.793 -13.016 -0.916 -13.23 c
-1.559 -14.345 -1.284 -15.722 -0.303 -16.307 c
0.678 -16.892 2.042 -16.546 2.684 -15.432 c
2.906 -15.047 2.872 -12.906 y
3.106 -10.884 8.019 -13.059 y
7.885 -7.923 l
7.808 -6.375 7.765 -5.287 y
7.832 -1.437 7.839 -0.685 v
7.845 0.066 6.852 0.202 y
h
f
Q
Q
BT
1 1 1  scn
/GS0 gs
/T1_2 1 Tf
/Span<</ActualText<FEFF0056>>> BDC 
10 0 0 10 142.56 615.8477 Tm
(\034)Tj
EMC 
0 0 0  scn
/GS1 gs
/T1_4 1 Tf
8 0 0 8 36 587.144 Tm
(\033\020\022\020\007\007\023\032\035\017\r\020\013\227\032)Tj
/T1_0 1 Tf
(\224\004\016\023\t\020\026\265\026\243\013\n\017\016\026)Tj
9 0 0 9 36 572.744 Tm
[(\232)57(\013)-7(\021)2(\244)11(\205)1(\017\026\005)-17(\017)-17(\017)-11(\n\026\023\016)3()5(\017)-17(\240\026\005)-4(\004\026\004)1(\013)-7(\021)2(\t\026)]TJ
T*
[(\022)2(\002)2(\005)-6(\t)-8(\023)2(\t)-48(\004\026\020)3(\013\026\005)-17(\017)-17(\007)4(\013)-5(\006)-9(\017\026\023\026\006)1(\002)-5(\240)-10(\240\022)-9(\017\026)]TJ
T*
[(\006)-3(\023)2(\n)-2(\023)-1(\202)-4(\017)-11(\t)-10(\222\026)]TJ
/Span<</ActualText<FEFF004C>>> BDC 
(\030)Tj
EMC 
4.708 0 Td
[(\017)-8(\023)2(\t)-12(\n\026\016\013)-5(\006)-9(\017\026\254)-3(\021)1(\002)-3(\007)-8(\026)]TJ
-4.708 -1.2 Td
[(\f)-6(\t)-8(\023)-4(\007)-35(\020)-4(\002)-3(\007)-16(\023)-1(\022\026\020)-4(\002)4(\f)-1(\016\026\023)2(\n)-8(\240\026\005)-5(\023\016)7(\002)-3(\007\026)]TJ
0 -1.2 TD
[(\f)-6(\t)-12(\002)4(\n)-8(\007)-6(\002)4(\f)-9(\022)-9(\017)-8(\016\026\255)-8(\013)-5(\t\026\007)4(\013)-5(\f)-5(\002)4(\n)-2(\202\026\223)-10(\002)-4(\020)-8(\r\026\020)-7(\r)2(\002)7(\016\026)]TJ
0 -1.2 TD
[(\016)5(\021)-10(\240)-10(\240)-10(\017)-11(\n\026\007)-10(\r)-2(\023)2(\n)-2(\202)-4(\017)-10(\201\026\023\016\026\223)-10(\017)-12(\022)1(\022\026\023\016\026)]TJ
0 -1.2 TD
[(\016\013)-5(\006)-9(\017\026\016)-13(\020)-4(\t)-8(\023)-3(\020)-1(\017)-12(\202)-3(\002)-5(\017)-8(\016\026\023)2(\n)-8(\240\026\t)-2(\017)-8(\016\013)-7(\021)2(\t)1(\007\017)-8(\016\026)]TJ
0 -1.2 TD
[(\255)-9(\013)-5(\t\026\016)-13(\020)-4(\t)-2(\017)-10(\n)-2(\202)-37(\020)-8(\r)-9(\017)-11(\n)2(\002)4(\n)-2(\202\026\022)2(\002)-4(\020)-35(\020)-6(\022)-9(\017)-33(\200)-17(\021)2(\016\017)-17(\240\026)]TJ
T*
[(\016)3()-8(\002)2(\022)1(\022)2(\016\026\023)2(\n)-8(\240\026\240)-10(\017)-8(\205)1(\017)-12(\022)-7(\013)-5(\f)-5(\002)4(\n)-2(\202\026\n)-8(\017)-14(\223\026\013)-5(\n)-8(\017)-8(\016)-6(\036)]TJ
/T1_5 1 Tf
7.5 0 0 7.5 36 473.744 Tm
[(\037)9(\036)-13(\035)-24(\034)-17(\033)-15(\035)-18(\036)-13(\032)-19(\031\030\002)-8(\026)-11(\025\030\003)-11(\036)-18(\016)-10(\035)-18(\021)-32(\026)-11(\024)-11(\035\020\030\255)-18(\032)-12(\026)-11(\035)-21(\204)-17(\217\030)]TJ
T*
[(\023)-13(\033)-23(\026)-15(\r\020\030\201)46(\036)-13(\032)-14(\036)-13(\035)-18(\021)-29(\036\030\002)-6(\005)]TJ
/T1_1 1 Tf
14 0 0 14 36 444.744 Tm
(\203\002\003)Tj
ET
q
0 0 585 765 re
W n
BT
0.428 0.433 0.443  scn
/GS0 gs
/T1_2 1 Tf
9 0 0 9 57.9797 444.744 Tm
(\031)Tj
/Span<</ActualText<FEFF006D>>> BDC 
6.3 0 0 6.3 105.423 444.744 Tm
(\030)Tj
EMC 
(\032)Tj
/Span<</ActualText<FEFF00630063>>> BDC 
(\027\027)Tj
EMC 
/Span<</ActualText<FEFF0020>>> BDC 
9 0 0 9 122.9431 444.744 Tm
(\031)Tj
EMC 
(\026\025\006)Tj
6.3 0 0 6.3 139.8988 444.744 Tm
(\b)Tj
9 0 0 9 36 433.944 Tm
(\022\021\025\004)Tj
/Span<</ActualText<FEFF0020>>> BDC 
(\031)Tj
EMC 
6.3 0 0 6.3 56.0517 433.944 Tm
(\033)Tj
/Span<</ActualText<FEFF006D>>> BDC 
(\030)Tj
EMC 
ET
Q
BT
/T1_3 1 Tf
9 0 0 9 36 420.984 Tm
(\235\r\022\021\033\016\030\016\024\036\025\r\027\031\b\023\030\206\025\031\\032\030\023\024\r\b\016\031)Tj
/T1_1 1 Tf
0 -1.44 TD
(\024)Tj
/Span<</ActualText<FEFF0069>>> BDC 
(\037)Tj
EMC 
(\b)Tj
/Span<</ActualText<FEFF0070006C00690066>>> BDC 
(\025\027\037\022)Tj
EMC 
(\t)Tj
/Span<</ActualText<FEFF0069>>> BDC 
(\037)Tj
EMC 
(\036\016\020\025)Tj
/Span<</ActualText<FEFF00750062006C00690063>>> BDC 
(\030\026\027\037\031)Tj
EMC 
(\020)Tj
0 -1.2 TD
(\031\035\b)Tj
/Span<</ActualText<FEFF00700075>>> BDC 
(\025\030)Tj
EMC 
(\032)Tj
/Span<</ActualText<FEFF0069>>> BDC 
(\037)Tj
EMC 
(\036\016\020\006)Tj
/Span<</ActualText<FEFF0069>>> BDC 
(\037)Tj
EMC 
(\032\013\020)Tj
/Span<</ActualText<FEFF0054>>> BDC 
(\032)Tj
EMC 
(\013)Tj
/Span<</ActualText<FEFF0069>>> BDC 
(\037)Tj
EMC 
(\036\020)Tj
T*
(\031)Tj
/Span<</ActualText<FEFF006C0069>>> BDC 
(\027\037)Tj
EMC 
(\017\036\032)Tj
/Span<</ActualText<FEFF0073>>> BDC 
(\024)Tj
EMC 
(\020\202\020)Tj
/Span<</ActualText<FEFF004D>>> BDC 
(\b)Tj
EMC 
(\035\021\017)Tj
/T1_4 1 Tf
8 0 0 8 36 373.944 Tm
(\240\204\233\204\023\032\002\204\r\227\032)Tj
/T1_0 1 Tf
/Span<</ActualText<FEFF004D>>> BDC 
(\027)Tj
EMC 
(\023\n\023\202\017\t\026\013\255\026\224\002\202\002\020\023\022\026)Tj
T*
[(\003)100(\017\007\r\n\013\022\013\202\004\026)]TJ
/Span<</ActualText<FEFF0053>>> BDC 
(\032)Tj
EMC 
(\017\t\205\002\007\017\016\263\026)Tj
/T1_4 1 Tf
(\255\020\013\021\204\020\032)Tj
T*
(\037\n\204\b\200\020\023\001\227)Tj
/T1_0 1 Tf
(\026\250\t\023\n\007\r\026)Tj
/Span<</ActualText<FEFF004D>>> BDC 
(\027)Tj
EMC 
(\023\n\023\202\017\t\263\026)Tj
/T1_4 1 Tf
T*
[(\030\023\n\021\032\027)100(\023\245\023\021\023\227)]TJ
/T1_0 1 Tf
(\026\224\002\t\017\007\020\013\t\026\013\255\026\224\002\202\002\020\023\\022\026)Tj
T*
[(\003)100(\017\007\r\n\013\022\013\202\004\263\026\247\023\006\002\022\020\013\n\026\\235)]TJ
/Span<</ActualText<FEFF004C>>> BDC 
(\030)Tj
EMC 
-0.002 Tc 0.002 Tw 9 0 0 9 36 321.144 Tm
[(\247)-1(\023\006)-1(\002\022)-8(\020\013)-7(\n)-2(\026)-2(\235)-6(\021)-2(\005)-11(\022\002)-5(\007)-2(\026)]TJ
/Span<</ActualText<FEFF004C>>> BDC 
7.037 0 Td
(\030)Tj
EMC 
0.506 0 Td
[(\002\005)-8(\t)-10(\023\t)-50(\004)-2(\026)]TJ
0 Tc 0 Tw -7.543 -1.2 Td
[(\007)-6(\t)-2(\017)-8(\023)-3(\020)-1(\017)-17(\240\026\023\026\025)-2(\217)-53(\200)-4(\016\017)-8(\023)-3(\020\026\002)4(\n)-1(\255)-9(\013)-5(\t)-12(\006)-3(\023)-3(\020)-4(\002)-3(\013)-5(\n\026)]TJ
T*
[(\007)4(\013)-5(\006)1(\006)-8(\013)-5(\n)2(\016\026\023)-3(\020\026\020)-8(\r)-9(\017\026)]TJ
/Span<</ActualText<FEFF0043>>> BDC 
(\034)Tj
EMC 
7.678 0 Td
[(\017)-11(\n)-6(\020)-4(\t)-8(\023)-1(\022\026)]TJ
/Span<</ActualText<FEFF004C>>> BDC 
-7.678 -1.2 Td
(\030)Tj
EMC 
0.506 0 Td
[(\002)2(\005)-6(\t)-8(\023)2(\t)-48(\004\026\023)2(\n)-8(\240\026\r)-2(\023\016\026\005)-17(\017)-17(\017)-11(\n\026\023)-4(\240)-10(\240)1(\002)4(\n)-2(\202\026)]TJ
-0.506 -1.2 Td
[(\023\026\022)-2(\023)2(\t)-4(\202)-4(\017\026\n\021)2(\006)-1(\005)-17(\017)-11(\t\026\013\255\026\n)-8(\017)-14(\223\026\f)-8(\021\005)-9(\022)2(\002)-3(\007\026)]TJ
T*
[(\007)4(\013)-5(\006)1(\f)-8(\021)-7(\020)-1(\017)-11(\t)-11(\016)-6(\036\026\247)-5(\017)-8(\023)2(\t\026\r)-7(\013)-5(\223\026\247)9(\235)]TJ
/Span<</ActualText<FEFF004C>>> BDC 
10.644 0 Td
(\030)Tj
EMC 
[(\026\r)-2(\023\016\026)]TJ
-10.644 -1.2 Td
[(\016)7(\002)4(\006)1(\f)-9(\022)2(\002)-3(\234)-19(\017)-17(\240\026\f)-8(\021\005)-9(\022)2(\002)-3(\007\026\007)4(\013)-5(\006)1(\f)-8(\021)-7(\020)-4(\002)4(\n)-2(\202\026)]TJ
T*
[(\005)-4(\004\026\021)2(\016)7(\002)4(\n)-2(\202\026\020)-7(\r)2(\002)4(\n\026\007)-8(\022)2(\002)-5(\017)-11(\n)-6(\020)-17(\016)-8(\201\026\007)-6(\t)-2(\017)-8(\023)-3(\020)-4(\002)4(\n)-2(\202\026)]TJ
T*
[(\013)-5(\n)-8(\017\026\f)-6(\t)1(\013)-6(\234)-13(\022)-9(\017\026\255)-9(\013)-5(\t\026\007)4(\013)-5(\006)1(\f)-8(\021)-7(\020)-1(\017)-11(\t)-11(\016)-8(\201\026)]TJ
T*
[(\021)2(\016)7(\002)4(\n)-2(\202\026\013)-5(\f)-17(\017)-11(\n)-19(\200)-4(\016\013)-7(\021)2(\t)1(\007\017\026\016\013\255)-46(\020)-38(\223)-5(\023)2(\t)-2(\017)-10(\201\026)]TJ
T*
[(\023)2(\n)-8(\240\026\006)-8(\013)-5(\t)-2(\017)-8(\036\026)]TJ
/Span<</ActualText<FEFF0057>>> BDC 
(\037)Tj
EMC 
5.366 0 Td
[(\017\026\n)-7(\013)-5(\223\026\013\255)-41(\255)-13(\017)-11(\t\026\007)4(\013)-8(\022)-7(\013)-7(\021)2(\t\026)]TJ
-5.366 -1.2 Td
[(\f)-6(\t)-12(\002)4(\n)-6(\020)-4(\002)4(\n)-2(\202\026\023)2(\n)-8(\240\026\023)-1(\022)1(\022)-7(\013)-5(\223\026\020)-38(\223)-7(\013\026\255)-12(\t)-2(\017)-17(\017\026)]TJ
T*
[(\005)-9(\022)-2(\023)-4(\007)-8(\026\023)2(\n)-8(\240\026\223)-14(\r)2(\002)-4(\020)-1(\017\026\f)-6(\t)-12(\002)4(\n)-6(\020)-17(\016\026\023\026\240)-3(\023)4(\004\026\004)-2(\017)-18(\020\026)]TJ
T*
[(\013)-7(\021)2(\t\026\t)-2(\017)-8(\205)1(\017)-11(\n\021)-10(\017\026\002)7(\016\026\021)2(\f)-5(\222)]TJ
/T1_5 1 Tf
7.5 0 0 7.5 36 167.544 Tm
[(\037)9(\036)-13(\035)-24(\034)-17(\033)-15(\035)-18(\036)-13(\032)-19(\031\030\205)-12(\026)-11(\035)-21(\204)-41(\013\030\017)-12(\021)-18(\032)-12(\026)-15(\r)-20(\033)-15(\032)38(\020\030\201)46(\036)-13(\032)-14(\036)-13(\035)-18(\021)-29(\036\030\002)-6(\005)]TJ
/T1_1 1 Tf
14 0 0 14 167.52 647.144 Tm
(\203\002\002)Tj
ET
q
0 0 585 765 re
W n
BT
0.428 0.433 0.443  scn
/GS0 gs
/T1_2 1 Tf
9 0 0 9 186.9798 647.144 Tm
(\031)Tj
/Span<</ActualText<FEFF006D>>> BDC 
6.3 0 0 6.3 235.9917 647.144 Tm
(\030)Tj
EMC 
(\032)Tj
/Span<</ActualText<FEFF00630063>>> BDC 
(\027\027)Tj
EMC 
/Span<</ActualText<FEFF0020>>> BDC 
9 0 0 9 253.5118 647.144 Tm
(\031)Tj
EMC 
(\026\025\024)Tj
6.3 0 0 6.3 271.8535 647.144 Tm
(\f)Tj
9 0 0 9 167.52 636.344 Tm
(\022\021\025\004)Tj
/Span<</ActualText<FEFF0020>>> BDC 
(\031)Tj
EMC 
6.3 0 0 6.3 187.5717 636.344 Tm
(\033)Tj
/Span<</ActualText<FEFF006D>>> BDC 
(\030)Tj
EMC 
ET
Q
BT
/T1_3 1 Tf
9 0 0 9 167.52 623.384 Tm
[(\037\032\032\024\017\035\027\033\024\032\030\200)25(\024\036\036\r\032\033\027\t\030)]TJ
T*
(\025\035\b\027\032\031\b\023\026\033\025\023)Tj
/T1_1 1 Tf
/Span<</ActualText<FEFF0054>>> BDC 
0 -1.44 TD
(\032)Tj
EMC 
(\013\017\020\205)Tj
/Span<</ActualText<FEFF00410064006A>>> BDC 
2.696 0 Td
(\033\r\221)Tj
EMC 
(\033)Tj
/Span<</ActualText<FEFF0063>>> BDC 
(\031)Tj
EMC 
(\017\036\032\020)Tj
ET
q
0 0 585 765 re
W n
0.762 0.656 0.815  scn
/GS0 gs
q 1 0 0 1 276.8044 612.8817 cm
0 0 m
-3.998 0.697 -4.323 -0.062 v
-4.649 -0.82 -4.565 -1.969 y
-4.201 -5.154 -5.186 -5.116 y
-10.322 -2.642 -9.655 -7.436 y
-8.789 -10.59 -5.349 -8.244 y
-4.857 -7.585 -5.155 -10.301 y
-5.066 -14.092 -1.967 -12.531 y
-0.969 -11.917 -0.6 -12.391 -0.477 -12.666 c
-0.643 -12.828 -0.793 -13.016 -0.916 -13.23 c
-1.559 -14.345 -1.284 -15.722 -0.303 -16.307 c
0.678 -16.892 2.042 -16.546 2.684 -15.432 c
2.906 -15.047 2.872 -12.906 y
3.106 -10.884 8.019 -13.059 y
7.885 -7.923 l
7.808 -6.375 7.765 -5.287 y
7.832 -1.437 7.839 -0.685 v
7.845 0.066 6.852 0.202 y
h
f
Q
Q
BT
1 1 1  scn
/GS0 gs
/T1_2 1 Tf
/Span<</ActualText<FEFF0056>>> BDC 
10 0 0 10 274.08 605.0477 Tm
(\034)Tj
EMC 
0 0 0  scn
/GS1 gs
/T1_1 1 Tf
9 0 0 9 167.52 588.824 Tm
(\025\035)Tj
/Span<</ActualText<FEFF0073007300690062006C>>> BDC 
(\024\024\037\026\027)Tj
EMC 
(\017\206\217\020\026)Tj
/Span<</ActualText<FEFF00750069006C00640069>>> BDC 
(\030\037\027\r\037)Tj
EMC 
(\036\016\020)Tj
0 -1.2 TD
(\037\036\032\017\021\036\033)Tj
/Span<</ActualText<FEFF006C>>> BDC 
(\027)Tj
EMC 
(\020\202\020)Tj
/Span<</ActualText<FEFF0045>>> BDC 
(\017)Tj
EMC 
(\n\032\017\021\036\033)Tj
/Span<</ActualText<FEFF006C>>> BDC 
(\027)Tj
EMC 
(\020)Tj
/Span<</ActualText<FEFF004E>>> BDC 
T*
(\036)Tj
EMC 
(\017\032\006\035\021\f)Tj
/Span<</ActualText<FEFF0073>>> BDC 
(\024)Tj
EMC 
/T1_4 1 Tf
8 0 0 8 167.52 557.624 Tm
[(\031)40(\b\223\013\f\023\021\032\033\017\013\020\227\032)]TJ
/T1_0 1 Tf
(\235\021\005\022\002\007\026)Tj
/Span<</ActualText<FEFF0053>>> BDC 
(\032)Tj
EMC 
(\017\t\205\002\007\017\016\026)Tj
/Span<</ActualText<FEFF004C>>> BDC 
T*
(\030)Tj
EMC 
(\002\005\t\023\t\002\023\n\263\026)Tj
/T1_4 1 Tf
(\255\017\n\204\013\020\032\037\007\217\204\021\021\204\013\227)Tj
/T1_0 1 Tf
(\026)Tj
/Span<</ActualText<FEFF0041>>> BDC 
T*
(\035)Tj
EMC 
(\016\016\013\007\002\023\020\017\026)Tj
/Span<</ActualText<FEFF004C>>> BDC 
(\030)Tj
EMC 
(\002\005\t\023\t\002\023\n\263\026)Tj
/Span<</ActualText<FEFF004D>>> BDC 
T*
(\027)Tj
EMC 
(\017\006\013\t\002\023\022\026)Tj
/Span<</ActualText<FEFF0055>>> BDC 
(\242)Tj
EMC 
(\n\002\205\017\t\016\002\020\004)Tj
-0.02 Tc 0.02 Tw 9 0 0 9 167.52 518.024 Tm
[(\250)-7(\021)1(\002)2(\022)-8(\240)1(\002)4(\n)-2(\202\026\013)-5(\n\026)]TJ
/Span<</ActualText<FEFF0053>>> BDC 
(\032)Tj
EMC 
5.318 0 Td
[(\020)-1(\017)-8(\205)1(\017)-11(\n\026\243)-1(\013)-9(\r)1(\n)2(\016\013)-5(\n)6(\244)32(\016)-20(\026)]TJ
-5.318 -1.2 Td
[(\007)4(\013)-5(\n)-8(\007\017)-11(\f)-9(\020\026\013\255\026\002)4(\n)2(\n)-7(\013)2(\205)1(\023)-3(\020)-4(\002)-3(\013)-5(\n)-4(\201\026\223)-10(\017\026\223)-10(\002)2(\022)1(\022)-20(\026)]TJ
T*
[(\017)-17(\211)-8(\f)-9(\022)-7(\013)-5(\t)-2(\017\026\r)-7(\013)-5(\223\026\020)-8(\r)-9(\017\026\020)-8(\r)-9(\017)-15(\013)-5(\t)-2(\017)-18(\020)-4(\002)-3(\007)-16(\023)-1(\022)-20(\026)]TJ
T*
[(\021)2(\n)-8(\240)-10(\017)-11(\t)-12(\f)-5(\002)4(\n)2(\n)2(\002)4(\n)-2(\202)-12(\016\026\013\255\026\002)4(\n)2(\n)-7(\013)2(\205)1(\023)-3(\020)-4(\002)-3(\013)-5(\n\026\023)2(\n)-8(\240)-20(\026)]TJ
T*
[(\016\013)-14(\007)-6(\002)2(\023)-1(\022\026\n)-8(\017)-18(\020)-38(\223)-7(\013)-5(\t)-14()-8(\002)4(\n)-2(\202\026\007)-16(\023)2(\n\026\005)-17(\017\026\023)2(\f)-6(\f)-9(\022)2(\002)-5(\017)-17(\240)-20(\026)]TJ
T*
[(\020)2(\013\026\022)2(\002)2(\005)-6(\t)-8(\023)2(\t)-12(\002)-5(\017)-8(\016\026\020)2(\013\026\255)-14(\021\022)1(\022)-9(\004\026\002)4(\n)-6(\020)-1(\017)-12(\202)-3(\t)-8(\023)-3(\020)-1(\017)-20(\026)]TJ
T*
[(\020)-8(\r)-9(\017)-11(\006\026\223)-10(\002)-4(\020)-8(\r\026\020)-8(\r)-9(\017\026\023)-4(\007)-16(\023)-4(\240)-10(\017)-11(\006)1(\002)-3(\007\026\023)2(\n)-8(\240)-20(\026)]TJ
T*
[(\005)-6(\t)1(\013)-2(\023)-4(\240)-10(\017)-11(\t\026\007)4(\013)-5(\006)1(\006)-1(\021)2(\n)2(\002)-4(\020)-4(\002)-5(\017)-8(\016)-6(\036\026)]TJ
/Span<</ActualText<FEFF004C>>> BDC 
(\030)Tj
EMC 
9.57 0 Td
[(\017)-8(\023)2(\t)-12(\n)-20(\026)]TJ
-9.57 -1.2 Td
[(\023\005)-14(\013)-7(\021)-7(\020\026\240)-10(\017)-8(\205)1(\017)-12(\022)-7(\013)-5(\f)-5(\002)4(\n)-2(\202\026\006)-9(\017)-8(\023)2(\n)2(\002)4(\n)-2(\202)-32(\255)-14(\021\022)-20(\026)]TJ
T*
[(\007)4(\013)-5(\n)2(\n)-8(\017)-17(\007)-35(\020)-4(\002)-3(\013)-5(\n)2(\016\026\223)-10(\002)-4(\020)-8(\r)2(\002)4(\n\026\004)1(\013)-7(\021)2(\t\026\013)-5(\223)-10(\n)-20(\026)]TJ
T*
[(\002)4(\n)2(\016)-13(\020)-4(\002)-4(\020)-3(\021)-7(\020)-4(\002)-3(\013)-5(\n)-4(\201\026\023)2(\n)-8(\240\026\023\005)-14(\013)-7(\021)-7(\020\026\013)-7(\021)-7(\020)-4(\t)-2(\017)-8(\023)-4(\007)-10(\r)-20(\026)]TJ
-0.022 Tc 0.022 Tw T*
[(\f)-16(\013)-1(\016)9(\016)5(\002\005)-7(\002\022\002)-6(\020)-6(\002)-7(\017)-10(\016)-2(\026)-2(\223)-12(\002)-6(\020)-9(\r)-2(\026)-2(\007)2(\013)-7(\006)-1(\006)-3(\021\n\002)-6(\020)-40(\004)-22(\026)]TJ
T*
[(\023\n)-10(\240)-2(\026)-2(\202)-2(\013\205)-1(\017)-13(\t)-14(\n\006)-11(\017)-13(\n)-8(\020)-2(\026)-2(\013)-7(\t)-6(\202)-9(\023\n\002)2(\241)-10(\023)-5(\020)-6(\002)-5(\013)-7(\n\016)-8(\036)-22(\026)]TJ
/T1_5 1 Tf
0 Tc 0 Tw 7.5 0 0 7.5 167.52 379.424 Tm
[(\037)9(\036)-13(\035)-24(\034)-17(\033)-15(\035)-18(\036)-13(\032)-19(\031\030\003)-14(\026)-11(\032)-29(\t)-12(\026)-11(\032)-12(\033)-24(\021\030\206)-1(\024)-16(\204)-17(\207)-21(\b)-14(\016)-10(\025)7(\020\030)]TJ
0 -1.44 TD
[(\255)-18(\032)-14(\036)-23(\204)-17(\207)-31(\034)-11(\024)-11(\b)-13(\b)-18(\033\030\002)-6(\005\030\255)-23(\036)-23(\026)-11(\032)-11(\r)]TJ
/T1_1 1 Tf
14 0 0 14 167.52 350.624 Tm
(\203\002\004)Tj
ET
q
0 0 585 765 re
W n
BT
0.428 0.433 0.443  scn
/GS0 gs
/T1_2 1 Tf
9 0 0 9 188.4356 350.624 Tm
(\031)Tj
/Span<</ActualText<FEFF006D>>> BDC 
6.3 0 0 6.3 235.7397 350.624 Tm
(\030)Tj
EMC 
(\032)Tj
/Span<</ActualText<FEFF00630063>>> BDC 
(\027\027)Tj
EMC 
/Span<</ActualText<FEFF0020>>> BDC 
9 0 0 9 253.2598 350.624 Tm
(\031)Tj
EMC 
(\026\025\024)Tj
/Span<</ActualText<FEFF0063>>> BDC 
6.3 0 0 6.3 271.6014 350.624 Tm
(\027)Tj
EMC 
9 0 0 9 167.52 339.824 Tm
(\022\021\025\004)Tj
/Span<</ActualText<FEFF0020>>> BDC 
(\031)Tj
EMC 
6.3 0 0 6.3 187.5717 339.824 Tm
(\033)Tj
/Span<</ActualText<FEFF006D>>> BDC 
(\030)Tj
EMC 
ET
Q
BT
/T1_3 1 Tf
9 0 0 9 167.52 326.864 Tm
(\013\035\032\035\034\031\036\031\032\027\030\221\024\021\031\030\024\002\\030\027\026\031\030\027\b\r\023\027\031\031)Tj
/T1_1 1 Tf
T*
(\024)Tj
/Span<</ActualText<FEFF007500630063>>> BDC 
(\030\031\031)Tj
EMC 
(\017)Tj
/Span<</ActualText<FEFF007300730069>>> BDC 
(\024\024\037)Tj
EMC 
(\035\036\020\025)Tj
/Span<</ActualText<FEFF006C>>> BDC 
(\027)Tj
EMC 
(\033\036\036)Tj
/Span<</ActualText<FEFF0069>>> BDC 
(\037)Tj
EMC 
(\036\016\240\020)Tj
/Span<</ActualText<FEFF0052>>> BDC 
0 -1.2 TD
(\021)Tj
EMC 
(\017)Tj
/Span<</ActualText<FEFF0070006C>>> BDC 
(\025\027)Tj
EMC 
(\033)Tj
/Span<</ActualText<FEFF0063>>> BDC 
(\031)Tj
EMC 
(\017\b\017\036\032\020\025)Tj
/Span<</ActualText<FEFF006C>>> BDC 
(\027)Tj
EMC 
(\033\036\036)Tj
/Span<</ActualText<FEFF0069>>> BDC 
(\037)Tj
EMC 
(\036\016\240\020)Tj
T*
(\035\021\020\024)Tj
/Span<</ActualText<FEFF007500630063>>> BDC 
(\030\031\031)Tj
EMC 
(\017)Tj
/Span<</ActualText<FEFF007300730069>>> BDC 
(\024\024\037)Tj
EMC 
(\035\036\020)Tj
/Span<</ActualText<FEFF004D>>> BDC 
T*
(\b)Tj
EMC 
(\033\036\033\016\017\b\017\036\032)Tj
/T1_4 1 Tf
8 0 0 8 167.52 271.904 Tm
[(\247\020\r\032)22(\215\023\223\007\017\007\245\227\032)]TJ
/T1_0 1 Tf
5.842 0 Td
[(\247\023\004\007\013\007\026)22(\265\026)]TJ
/Span<</ActualText<FEFF0041>>> BDC 
4.684 0 Td
(\035)Tj
EMC 
(\016\016\013\007\002\023\020\017\016)Tj
-0.02 Tc 0.02 Tw 9 0 0 9 167.52 261.104 Tm
[(\003)-15(\r)-9(\017)-11(\t)-2(\017\026\002)7(\016\026\006)-1(\021)-8(\007)-10(\r\026\020)-15(\023)-1(\022)1(\026\023\005)-14(\013)-7(\021)-7(\020)-20(\026)]TJ
T*
[(\016)5(\021)-8(\007)1(\007\017)-8(\016)11(\016)7(\002)-3(\013)-5(\n\026\f)-9(\022)-2(\023)2(\n)2(\n)2(\002)4(\n)-2(\202\026\023)2(\n)-8(\240\026\020)-8(\r)-9(\017)-20(\026)]TJ
T*
[(\002)4(\006)1(\f)-17(\017)-11(\n)-8(\240)1(\002)4(\n)-2(\202\026\007)-6(\t)-12(\002)7(\016)7(\002)7(\016\026\005)-8(\021)-7(\020\026\n)-7(\013\026\013)-5(\n)-8(\017)-20(\026)]TJ
T*
[(\016\017)-17(\017)-11(\006)1(\016\026\020)2(\013\026\005)-17(\017\026\020)-15(\023)-8(\002)4(\n)-2(\202\026\002)-4(\020\026\205)1(\017)-11(\t)-48(\004)-20(\026)]TJ
T*
[(\016\017)-11(\t)-12(\002)-3(\013)-7(\021)2(\016)2(\022)-9(\004)32(\036\026)]TJ
/Span<</ActualText<FEFF0053>>> BDC 
(\032)Tj
EMC 
4.46 0 Td
[(\020)-3(\021)-10(\240)1(\002)-5(\017)-8(\016\026\020)-1(\017)-12(\022)1(\022\026\021)2(\016\026\020)-8(\r)-2(\023)-3(\020\026\002)-4(\020\026\002)7(\016)-20(\026)]TJ
-4.46 -1.2 Td
[(\023\026\020)2(\013)-5(\f)-35(\200)-16(\t)-8(\023)2(\n)5(\017)-17(\240\026\002)7(\016)11(\016)5(\021)-9(\017\026\005)-8(\021)-7(\020\026\020)-8(\r)-9(\017\026\013)-5(\n\022)-9(\004)-20(\026)]TJ
T*
[(\013)-5(\n)-8(\017\026\255)-9(\013)-5(\t\026\223)-14(\r)2(\002)-3(\007)-10(\r\026\020)-8(\r)-9(\017)-11(\t)-2(\017\026\002)7(\016\026\020)-38(\004)-8(\f)-5(\002)-3(\007)-16(\023)-1(\022)1(\022)-9(\004)-20(\026)]TJ
T*
[(\n)-7(\013\026)-8(\n)-7(\013)-5(\223)-10(\n\026\f)-9(\022)-2(\023)2(\n)-3(\036\026\225)7(\016\026\016)5(\021)-8(\007)1(\007\017)-8(\016)11(\016)7(\002)-3(\013)-5(\n)-20(\026)]TJ
T*
[(\f)-9(\022)-2(\023)2(\n)2(\n)2(\002)4(\n)-2(\202\026\t)-2(\017)-8(\023)-1(\022)1(\022)-9(\004\026\226)3(\021)2(\016)-13(\020\026\260)12(\t)-2(\017)-11(\f)-9(\022)-2(\023)-4(\007\017)-11(\006)-9(\017)-11(\n)-6(\020)-20(\026)]TJ
T*
[(\f)-9(\022)-2(\023)2(\n)2(\n)2(\002)4(\n)-2(\202)-18(\261\026\013)-5(\t\026\023)2(\n\026\013)-5(\f)-6(\f)-14(\013)-5(\t)-46(\020)-3(\021)2(\n)2(\002)-4(\020)-38(\004\026\020)2(\013)-20(\026)]TJ
T*
[(\t)-2(\017)-8(\205)-5(\002)-5(\017)-14(\223\026\023)2(\n)-8(\240\026\t)-2(\017)-11(\n)-8(\017)-14(\223)8(\245\026\225)4(\255\026\016)5(\021)-8(\007)1(\007\017)-8(\016)11(\016)7(\002)-3(\013)-5(\n)-20(\026)]TJ
T*
[(\f)-9(\022)-2(\023)2(\n)2(\n)2(\002)4(\n)-2(\202\026\223)-5(\023\016\026\020)-4(\t)-2(\017)-8(\023)-3(\020)-1(\017)-17(\240\026\023\016\026\016)-13(\020)-4(\t)-8(\023)-3(\020)-1(\017)-12(\202)-3(\002)-3(\007)-20(\026)]TJ
T*
[(\016)5(\021)-8(\007)1(\007\017)-8(\016)11(\016)7(\002)-3(\013)-5(\n\026\006)-3(\023)2(\n)-2(\023)-1(\202)-4(\017)-11(\006)-9(\017)-11(\n)-6(\020)-20(\026)]TJ
T*
[(\020)-8(\r)-9(\017)-11(\t)-2(\017\026\223)-7(\013)-7(\021\022)-8(\240\026\005)-17(\017\026\007)-8(\022)-9(\017)-8(\023)2(\t\026\007)-6(\t)-12(\002)-4(\020)-1(\017)-10(\t)-12(\002)2(\023)-20(\026)]TJ
T*
[(\255)-9(\013)-5(\t\026\016)5(\021)-8(\007)1(\007\017)-8(\016)11(\016)-9(\255)-14(\021\022\026\f)-6(\t)2(\013)-5(\202)-3(\t)-8(\023)2(\006)1(\016\026\023)2(\n)-8(\240)-20(\026)]TJ
T*
[(\023)-4(\007)1(\007)4(\013)-7(\021)2(\n)-6(\020)-15(\023\005)-5(\002)2(\022)2(\002)-4(\020)-38(\004\026\006)-9(\017)-8(\023)-1(\016)5(\021)2(\t)-2(\017)-8(\016\026\255)-9(\013)-5(\t)-20(\026)]TJ
T*
[(\016\017)-11(\n)2(\002)-3(\013)-5(\t\026\006)-3(\023)2(\n)-2(\023)-1(\202)-4(\017)-11(\006)-9(\017)-11(\n)-6(\020\026\023)2(\n)-8(\240)-20(\026)]TJ
T*
[(\020)-4(\t)-14(\021)2(\016)-13(\020)-1(\017)-17(\017)-8(\016)-6(\036\026)]TJ
/Span<</ActualText<FEFF004D>>> BDC 
(\027)Tj
EMC 
4.547 0 Td
[(\023)2(\n)-2(\023)-1(\202)-4(\017\026\004)1(\013)-7(\021)2(\t\026\020)-15(\023)-1(\022)-9(\017)-11(\n)-6(\020\026\023)2(\n)-8(\240)-20(\026)]TJ
-4.547 -1.2 Td
[(\004)1(\013)-7(\021)2(\t\026\255)-14(\021)-7(\020)-3(\021)2(\t)-2(\017\026\005)-17(\017)-13(\255)-8(\013)-5(\t)-2(\017\026\004\013)-7(\021\026\t)-14(\021)2(\n\026\013)-7(\021)-7(\020\026\013\255)-20(\026)]TJ
-0.015 Tc 0.015 Tw T*
[(\013\f)-4(\020)1(\002)2(\013\n)7(\016)-1(\036)]TJ
/T1_5 1 Tf
0 Tc 0 Tw 7.5 0 0 7.5 167.52 43.304 Tm
[(\037)9(\036)-13(\035)-24(\034)-17(\033)-15(\035)-18(\036)-13(\032)-19(\031\030\004)-1(\024)-11(\025\030\001)18(\026)-11(\032)-12(\033)-14(\007)-18(\020\030\240)-22(\032)-64(\013)-19(\r)-20(\033)-15(\035\030\002)-6(\005\030\255)-23(\036)-23(\026)-11(\032)-11(\r)]TJ
/T1_1 1 Tf
14 0 0 14 299.04 647.144 Tm
(\203\002\203)Tj
ET
q
0 0 585 765 re
W n
BT
0.428 0.433 0.443  scn
/GS0 gs
/T1_2 1 Tf
9 0 0 9 319.0597 647.144 Tm
(\031)Tj
/Span<</ActualText<FEFF00690063>>> BDC 
6.3 0 0 6.3 348.9468 647.144 Tm
(\037\027)Tj
EMC 
(\032)Tj
/Span<</ActualText<FEFF0063>>> BDC 
(\027)Tj
EMC 
/Span<</ActualText<FEFF0020>>> BDC 
9 0 0 9 362.8255 647.144 Tm
(\031)Tj
EMC 
6.3 0 0 6.3 365.0755 647.144 Tm
(\b\033\t\t\013\035\035)Tj
/Span<</ActualText<FEFF006D>>> BDC 
(\030)Tj
EMC 
/Span<</ActualText<FEFF0020>>> BDC 
9 0 0 9 400.4305 647.144 Tm
(\031)Tj
EMC 
6.3 0 0 6.3 402.6805 647.144 Tm
(\033)Tj
9 0 0 9 299.04 636.344 Tm
(\022\021\025\004)Tj
/Span<</ActualText<FEFF0020>>> BDC 
(\031)Tj
EMC 
6.3 0 0 6.3 319.0917 636.344 Tm
(\033)Tj
/Span<</ActualText<FEFF006D>>> BDC 
(\030)Tj
EMC 
ET
Q
BT
/T1_3 1 Tf
9 0 0 9 299.04 623.384 Tm
[(\205\f\017\024\016\035\016\t)50(\030\221\024\021\031\030\024\002\030\027\026\031\030\027\b\r\023\027\031\\031)]TJ
/T1_1 1 Tf
0 -1.44 TD
(\026)Tj
/Span<</ActualText<FEFF00750069006C00640069>>> BDC 
(\030\037\027\r\037)Tj
EMC 
(\036\016\020\031\021\017)Tj
/Span<</ActualText<FEFF0064006900620069006C0069>>> BDC 
(\r\037\026\037\027\037)Tj
EMC 
(\032\t\020)Tj
0 -1.2 TD
(\033\036)Tj
/Span<</ActualText<FEFF0064>>> BDC 
(\r)Tj
EMC 
(\020)Tj
/Span<</ActualText<FEFF0056>>> BDC 
(\034)Tj
EMC 
3.136 0 Td
(\033)Tj
/Span<</ActualText<FEFF006C0075>>> BDC 
(\027\030)Tj
EMC 
(\017\020)Tj
/Span<</ActualText<FEFF0069>>> BDC 
(\037)Tj
EMC 
(\036\020)Tj
-3.136 -1.2 Td
(\032\013\017\020)Tj
/Span<</ActualText<FEFF004D0075>>> BDC 
(\b\030)Tj
EMC 
(\036)Tj
/Span<</ActualText<FEFF0069006300690070>>> BDC 
(\037\031\037\025)Tj
EMC 
(\033)Tj
/Span<</ActualText<FEFF006C>>> BDC 
(\027)Tj
EMC 
(\020)Tj
/Span<</ActualText<FEFF0045>>> BDC 
T*
(\017)Tj
EMC 
(\036\034)Tj
/Span<</ActualText<FEFF0069>>> BDC 
(\037)Tj
EMC 
(\021\035\036\b\017\036\032)Tj
/T1_4 1 Tf
8 0 0 8 299.04 565.544 Tm
(\036\r\r\020\032\037\023\b\204\020\032\037\023\001\253\204\023\245\227\032\)Tj
/T1_0 1 Tf
/Span<</ActualText<FEFF0043>>> BDC 
T*
(\034)Tj
EMC 
0.58 0 Td
(\013\n\016\021\022\020\023\n\020\201\026)Tj
/Span<</ActualText<FEFF0053004F004C0053>>> BDC 
(\032\031\030\032)Tj
EMC 
9 0 0 9 299.04 541.544 Tm
[(\250)-5(\023\016\017)-17(\240\026\013)-5(\n\026\002)4(\n)-6(\020)-1(\017)-11(\t)-44(\205)-5(\002)-5(\017)-14(\223)-10(\016\026\223)-10(\002)-4(\020)-8(\r\026)]TJ
0 -1.2 TD
[(\006)-1(\021)2(\n)2(\002)-3(\007)-6(\002)4(\f)-5(\023)-1(\022\026)]TJ
/Span<</ActualText<FEFF00430041004F>>> BDC 
[(\034)-38(\035)9(\031)]TJ
EMC 
6.384 0 Td
[(\016\026\223)-14(\r)-7(\013\026\005)-17(\017)-12(\022)2(\002)-5(\017)-8(\205)1(\017\026)]TJ
-6.384 -1.2 Td
[(\002)4(\n\026\020)-8(\r)-9(\017\026\205)1(\023)-1(\022)1(\021)-9(\017\026\013\255\026\020)-8(\r)-9(\017)-8(\002)4(\t\026\f)-8(\021\005)-9(\022)2(\002)-3(\007\026)]TJ
0 -1.2 TD
[(\022)2(\002)2(\005)-6(\t)-8(\023)2(\t)-12(\002)-5(\017)-8(\016)-8(\201\026\020)-8(\r)-9(\017\026\016)5(\f)-17(\017)-8(\023)5(\017)-11(\t\026\223)-10(\002)2(\022)1(\022\026)]TJ
T*
[(\013\255)-41(\255)-13(\017)-11(\t\026\016)-13(\020)-4(\t)-8(\023)-3(\020)-1(\017)-12(\202)-3(\002)-5(\017)-8(\016\026\255)-9(\013)-5(\t\026\005)-8(\021)1(\002)2(\022)-8(\240)1(\002)4(\n)-2(\202\026)]TJ
T*
[(\007)-6(\t)-2(\017)-17(\240)1(\002)2(\005)-5(\002)2(\022)2(\002)-4(\020)-38(\004\026\023)2(\n)-8(\240\026\023)-4(\240)-7(\205)3(\013)-14(\007)-16(\023)-3(\020)-4(\002)4(\n)-2(\202\026)]TJ
T*
[(\017)-13(\255)-41(\255)-13(\017)-17(\007)-35(\020)-4(\002)-3(\205)1(\017)-12(\022)-9(\004)32(\036\026\225)8(\n\026\023)2(\n\026\017)-11(\t)-8(\023\026\013\255\026\234)-7(\016\007)-16(\023)-1(\022\026)]TJ
T*
[(\t)-2(\017)-8(\016)-13(\020)-4(\t)-8(\023)2(\002)4(\n)-6(\020)-21(\201\026\002)-4(\020\026\002)7(\016\026\f)-5(\023)2(\t)-8(\023)2(\006)-8(\013)-7(\021)2(\n)-6(\020\026)]TJ
T*
[(\020)-8(\r)-2(\023)-3(\020\026\f)-8(\021\005)-9(\022)2(\002)-3(\007\026\022)2(\002)2(\005)-6(\t)-8(\023)2(\t)-48(\004\026\005)-14(\013)-2(\023)2(\t)2(\240)2(\016\026\023)2(\n)-8(\240\026)]TJ
/Span<</ActualText<FEFF00430045004F>>> BDC 
T*
[(\034)3(\033)16(\031)]TJ
EMC 
1.894 0 Td
[(\016\026\202)-4(\017)-18(\020\026\202\013)-12(\013)-14(\240\026\023)-3(\020\026\016)5(\f)-17(\017)-8(\023)-8(\002)4(\n)-2(\202\026\020)-8(\r)-9(\017\026)]TJ
-1.894 -1.2 Td
[(\022)-2(\023)2(\n)-2(\202)-5(\021)-3(\023)-1(\202)-4(\017\026\013\255\026\020)-8(\r)-9(\017)-8(\002)4(\t\026\006)-1(\021)2(\n)2(\002)-3(\007)-6(\002)4(\f)-5(\023)-1(\022\026)]TJ
T*
[(\013\255)-44(\234)-17(\007)-6(\002)2(\023)-1(\022)2(\016\026\023)2(\n)-8(\240\026\240)-10(\017)-11(\006)-8(\013)-5(\n)2(\016)-13(\020)-4(\t)-8(\023)-3(\020)-4(\002)4(\n)-2(\202\026)]TJ
T*
[(\020)-8(\r)-9(\017\026\223)-5(\023)4(\004)-7(\016\026\002)4(\n\026\223)-14(\r)2(\002)-3(\007)-10(\r\026\020)-8(\r)-9(\017\026\022)2(\002)2(\005)-6(\t)-8(\023)2(\t)-48(\004\026)]TJ
T*
[(\007)4(\013)-5(\n)-6(\020)-4(\t)-12(\002)2(\005)-8(\021)-7(\020)-1(\017)-8(\016\026\020)2(\013\026\006)-1(\021)2(\n)2(\002)-3(\007)-6(\002)4(\f)-5(\023)-1(\022\026)]TJ
0.004 Tc -0.004 Tw T*
[(\f)-2(\t)-8(\002)1(\013)-1(\t)-8(\002\020\002)-1(\017)-3(\016)-2(\036)4(\026)]TJ
/T1_5 1 Tf
0 Tc 0 Tw 7.5 0 0 7.5 299.04 377.744 Tm
[(\037)9(\036)-13(\035)-24(\034)-17(\033)-15(\035)-18(\036)-13(\032)-19(\031\030\004)2(\026)-19(\021)-18(\217)-13(\b)-18(\033)-22(\033)-15(\035\030\255)-25(\033)-15(\032)-29(\t)-12(\033)-15(\032)-14(\036)-13(\035\020\030\037)9(\036)-13(\032)-28(\035)-24(\220)-18(\026)-11(\b)-13(\b\030)]TJ
0 -1.44 TD
[(\002)-6(\005\030\255)-23(\036)-23(\026)-11(\032)-10(\r)]TJ
/T1_1 1 Tf
14 0 0 14 299.04 348.944 Tm
(\203\002\207)Tj
ET
q
0 0 585 765 re
W n
BT
0.428 0.433 0.443  scn
/GS0 gs
/T1_2 1 Tf
9 0 0 9 320.4038 348.944 Tm
(\031)Tj
/Span<</ActualText<FEFF00690063>>> BDC 
6.3 0 0 6.3 349.2051 348.944 Tm
(\037\027)Tj
EMC 
(\032)Tj
/Span<</ActualText<FEFF0063>>> BDC 
(\027)Tj
EMC 
/Span<</ActualText<FEFF0020>>> BDC 
9 0 0 9 363.0839 348.944 Tm
(\031)Tj
EMC 
6.3 0 0 6.3 365.3339 348.944 Tm
(\b\033\t\t\013\035\035)Tj
/Span<</ActualText<FEFF006D>>> BDC 
(\030)Tj
EMC 
/Span<</ActualText<FEFF0020>>> BDC 
9 0 0 9 400.6888 348.944 Tm
(\031)Tj
EMC 
6.3 0 0 6.3 402.9388 348.944 Tm
(\b)Tj
9 0 0 9 299.04 338.144 Tm
(\022\021\025\004)Tj
/Span<</ActualText<FEFF0020>>> BDC 
(\031)Tj
EMC 
6.3 0 0 6.3 319.0917 338.144 Tm
(\033)Tj
/Span<</ActualText<FEFF006D>>> BDC 
(\030)Tj
EMC 
ET
Q
BT
/T1_3 1 Tf
9 0 0 9 299.04 325.184 Tm
[(\240)60(\031\022\030\027\031\016\026\032\024\021\024\034\t)50(\030)]TJ
(\030)Tj
0 -1.2 TD
(\013\024\022\033\021\031\030\027\031\016\026\032\024\021\024\034\t)Tj
/T1_1 1 Tf
0 -1.44 TD
(\007)Tj
/Span<</ActualText<FEFF0052>>> BDC 
(\021)Tj
EMC 
(\020\031\035)Tj
/Span<</ActualText<FEFF0064>>> BDC 
(\r)Tj
EMC 
(\017)Tj
/Span<</ActualText<FEFF0073>>> BDC 
(\024)Tj
EMC 
(\217\020)Tj
(\020)Tj
0 -1.2 TD
(\027)Tj
/Span<</ActualText<FEFF0069>>> BDC 
(\037)Tj
EMC 
(\036\f)Tj
/Span<</ActualText<FEFF0069>>> BDC 
(\037)Tj
EMC 
(\036\016\020)Tj
/Span<</ActualText<FEFF00560069>>> BDC 
(\034\037)Tj
EMC 
(\021\032)Tj
/Span<</ActualText<FEFF0075>>> BDC 
(\030)Tj
EMC 
(\033)Tj
/Span<</ActualText<FEFF006C>>> BDC 
(\027)Tj
EMC 
(\020)Tj
(\020)Tj
T*
(\033\036)Tj
/Span<</ActualText<FEFF0064>>> BDC 
(\r)Tj
EMC 
(\020)Tj
/Span<</ActualText<FEFF0052>>> BDC 
(\021)Tj
EMC 
(\017\033)Tj
/Span<</ActualText<FEFF006C>>> BDC 
(\027)Tj
EMC 
(\020)Tj
/Span<</ActualText<FEFF0057>>> BDC 
(\006)Tj
EMC 
(\035\021)Tj
/Span<</ActualText<FEFF006C00640073>>> BDC 
(\027\r\024)Tj
EMC 
/T1_4 1 Tf
8 0 0 8 299.04 267.344 Tm
[(\247\b\204\013\f\023\032\217\017\001\016\b\020\223)80(\227\032)]TJ
/T1_0 1 Tf
/Span<</ActualText<FEFF0057>>> BDC 
(\037)Tj
EMC 
7.143 0 Td
(\017\005\026)Tj
/Span<</ActualText<FEFF004C>>> BDC 
(\030)Tj
EMC 
(\002\005\t\023\t\002\023\n\201\026)Tj
/Span<</ActualText<FEFF004D>>> BDC 
-7.143 -1.2 Td
(\027)Tj
EMC 
(\017\006\013\t\002\023\022\026)Tj
/Span<</ActualText<FEFF0055>>> BDC 
(\242)Tj
EMC 
(\n\002\205\017\t\016\002\020\004)Tj
9 0 0 9 299.04 243.344 Tm
[(\230)-2(\216\026\007)4(\013)-14(\240)-10(\017)-8(\016\026\023)2(\t)-2(\017\026\020)-3(\021)2(\t)-12(\n)2(\002)4(\n)-2(\202\026\021)2(\f\026)]TJ
T*
