q
0 0 585 765 re
W n
q
/GS0 gs
/Fm0 Do
Q
Q
/CS0 cs 1 1 1  scn
/GS0 gs
37.08 10.26 514.08 16.74 re
f
BT
0 0 0  scn
/GS1 gs
/T1_0 1 Tf
8 0 0 8 37.08 21.048 Tm
(\203\024)Tj
0.04 Tc -0.04 Tw /Span<</ActualText<FEFF0009>>> BDC 
(\026)Tj
EMC 
4.375 0 Td
(\032\035)Tj
/Span<</ActualText<FEFF0074>>> BDC 
1.139 0 Td
(\003)Tj
EMC 
(\242)Tj
/Span<</ActualText<FEFF00720064>>> BDC 
(\216\224)Tj
EMC 
(\035)Tj
/Span<</ActualText<FEFF0079>>> BDC 
3.279 0 Td
(\232)Tj
EMC 
(\026)Tj
/Span<</ActualText<FEFF0066>>> BDC 
(\001)Tj
EMC 
(\033)Tj
/Span<</ActualText<FEFF00620072>>> BDC 
(\250\216)Tj
EMC 
(\242\035)Tj
/Span<</ActualText<FEFF00720079>>> BDC 
(\216\232)Tj
EMC 
(\026\212)Tj
/Span<</ActualText<FEFF0009004F004C0041>>> BDC 
(\026)Tj
19.763 0 Td
(\031\030\035)Tj
EMC 
(\026)Tj
/Span<</ActualText<FEFF0053>>> BDC 
(\032)Tj
EMC 
(\242)Tj
/Span<</ActualText<FEFF0070>>> BDC 
(\235)Tj
EMC 
(\033)Tj
/Span<</ActualText<FEFF0072>>> BDC 
(\216)Tj
EMC 
(\026)Tj
/Span<</ActualText<FEFF0043>>> BDC 
(\034)Tj
EMC 
(\031)Tj
/Span<</ActualText<FEFF006E0066>>> BDC 
(\221\001)Tj
EMC 
(\033)Tj
/Span<</ActualText<FEFF0072>>> BDC 
(\216)Tj
EMC 
(\033)Tj
/Span<</ActualText<FEFF006E>>> BDC 
(\221)Tj
EMC 
(\034\033\026\215\217\220\215)Tj
ET
q
0 0 585 765 re
W n
/CS0 CS 1 1 1  SCN
3 w 4 M 
/GS0 gs
q 1 0 0 1 525.9023 36.1518 cm
0 0 m
8.582 84.338 0 84.383 v
-8.582 84.428 -18.508 92.26 -18.225 100 c
-17.942 107.74 -7.258 114.958 0 113.149 c
7.258 111.34 -9.435 204.411 0 204.501 c
15.898 204.654 16.016 215.878 15.538 221.86 c
14.818 237.34 -6.062 224.02 0 241.128 c
2.703 248.755 -2.695 328.06 -0.959 333.1 c
0.778 338.14 -18.683 327.7 -19.033 343.18 c
-19.382 358.66 -9.662 356.86 0 354.501 c
5.818 358.3 6.062 450.294 0 448.577 c
-6.062 446.86 -18.302 445.78 -15.345 461.26 c
-12.722 477.82 -5.278 467.183 0 472.501 c
5.278 477.82 -6.178 547.506 0 555.503 c
6.178 563.5 13.378 554.5 14.098 569.62 c
13.738 585.82 6.062 574.862 0 582.141 c
-6.062 589.42 0 638.16 y
S
Q
q 1 0 0 1 424.4023 674.3451 cm
0 0 m
8.582 -84.338 0 -84.383 v
-8.582 -84.428 -18.508 -92.26 -18.225 -100 c
-17.942 -107.74 -7.258 -114.958 0 -113.149 c
7.258 -111.34 -9.435 -204.411 0 -204.501 c
15.898 -204.654 16.016 -215.878 15.538 -221.86 c
14.818 -237.34 -6.062 -224.02 0 -241.128 c
2.703 -248.755 -2.695 -328.06 -0.959 -333.1 c
0.778 -338.14 -18.683 -327.7 -19.033 -343.18 c
-19.382 -358.66 -9.662 -356.86 0 -354.501 c
5.818 -358.3 6.062 -450.294 0 -448.577 c
-6.062 -446.86 -18.302 -445.78 -15.345 -461.26 c
-12.722 -477.82 -5.278 -467.183 0 -472.501 c
5.278 -477.82 -6.178 -547.506 0 -555.503 c
6.178 -563.5 13.378 -554.5 14.098 -569.62 c
13.738 -585.82 6.062 -574.862 0 -582.141 c
-6.062 -589.42 0 -638.16 y
S
Q
q 1 0 0 1 333.5223 674.3451 cm
0 0 m
-8.582 -84.338 0 -84.383 v
8.582 -84.428 18.508 -92.26 18.225 -100 c
17.942 -107.74 7.258 -114.958 0 -113.149 c
-7.258 -111.34 9.435 -204.411 0 -204.501 c
-15.898 -204.654 -16.016 -215.878 -15.538 -221.86 c
-14.818 -237.34 6.062 -224.02 0 -241.128 c
-2.703 -248.755 2.695 -328.06 0.959 -333.1 c
-0.778 -338.14 18.683 -327.7 19.033 -343.18 c
19.382 -358.66 9.662 -356.86 0 -354.501 c
-5.818 -358.3 -6.062 -450.294 0 -448.577 c
6.062 -446.86 18.302 -445.78 15.345 -461.26 c
12.722 -477.82 5.278 -467.183 0 -472.501 c
-5.278 -477.82 6.178 -547.506 0 -555.503 c
-6.178 -563.5 -13.378 -554.5 -14.098 -569.62 c
-13.738 -585.82 -6.062 -574.862 0 -582.141 c
6.062 -589.42 0 -638.16 y
S
Q
q 1 0 0 1 227.0223 36.1518 cm
0 0 m
-8.582 84.338 0 84.383 v
8.582 84.428 18.508 92.26 18.225 100 c
17.942 107.74 7.258 114.958 0 113.149 c
-7.258 111.34 9.435 204.411 0 204.501 c
-15.898 204.654 -16.016 215.878 -15.538 221.86 c
-14.818 237.34 6.062 224.02 0 241.128 c
-2.703 248.755 2.695 328.06 0.959 333.1 c
-0.778 338.14 18.683 327.7 19.033 343.18 c
19.382 358.66 9.662 356.86 0 354.501 c
-5.818 358.3 -6.062 450.294 0 448.577 c
6.062 446.86 18.302 445.78 15.345 461.26 c
12.722 477.82 5.278 467.183 0 472.501 c
-5.278 477.82 6.178 547.506 0 555.503 c
-6.178 563.5 -13.378 554.5 -14.098 569.62 c
-13.738 585.82 -6.062 574.862 0 582.141 c
6.062 589.42 0 638.16 y
S
Q
q 1 0 0 1 147.9023 36.1518 cm
0 0 m
8.582 84.338 0 84.383 v
-8.582 84.428 -18.508 92.26 -18.225 100 c
-17.942 107.74 -7.258 114.958 0 113.149 c
7.258 111.34 -9.435 204.411 0 204.501 c
15.898 204.654 16.016 215.878 15.538 221.86 c
14.818 237.34 -6.062 224.02 0 241.128 c
2.703 248.755 -2.695 328.06 -0.959 333.1 c
0.778 338.14 -18.683 327.7 -19.033 343.18 c
-19.382 358.66 -9.662 356.86 0 354.501 c
5.818 358.3 6.062 450.294 0 448.577 c
-6.062 446.86 -18.302 445.78 -15.345 461.26 c
-12.722 477.82 -5.278 467.183 0 472.501 c
5.278 477.82 -6.178 547.506 0 555.503 c
6.178 563.5 13.378 554.5 14.098 569.62 c
13.738 585.82 6.062 574.862 0 582.141 c
-6.062 589.42 0 638.16 y
S
Q
q 1 0 0 1 64.0223 36.1518 cm
0 0 m
-8.582 84.338 0 84.383 v
8.582 84.428 18.508 92.26 18.225 100 c
17.942 107.74 7.258 114.958 0 113.149 c
-7.258 111.34 9.435 204.411 0 204.501 c
-15.898 204.654 -16.016 215.878 -15.538 221.86 c
-14.818 237.34 6.062 224.02 0 241.128 c
-2.703 248.755 2.695 328.06 0.959 333.1 c
-0.778 338.14 18.683 327.7 19.033 343.18 c
19.382 358.66 9.662 356.86 0 354.501 c
-5.818 358.3 -6.062 450.294 0 448.577 c
6.062 446.86 18.302 445.78 15.345 461.26 c
12.722 477.82 5.278 467.183 0 472.501 c
-5.278 477.82 6.178 547.506 0 555.503 c
-6.178 563.5 -13.378 554.5 -14.098 569.62 c
-13.738 585.82 -6.062 574.862 0 582.141 c
6.062 589.42 0 638.16 y
S
Q
q 1 0 0 1 -53.3451 546.5032 cm
0 0 m
84.338 8.582 84.383 0 v
84.428 -8.582 92.26 -18.508 100 -18.225 c
107.74 -17.942 114.958 -7.258 113.149 0 c
111.34 7.258 204.411 -9.435 204.501 0 c
204.654 15.898 215.878 16.016 221.86 15.538 c
237.34 14.818 224.02 -6.062 241.128 0 c
248.755 2.703 328.06 -2.695 333.1 -0.959 c
338.14 0.778 327.7 -18.683 343.18 -19.033 c
358.66 -19.382 356.86 -9.662 354.501 0 c
358.3 5.818 450.294 6.062 448.577 0 c
446.86 -6.062 445.78 -18.302 461.26 -15.345 c
477.82 -12.722 467.183 -5.278 472.501 0 c
477.82 5.278 547.506 -6.178 555.503 0 c
563.5 6.178 554.5 13.378 569.62 14.098 c
585.82 13.738 574.862 6.062 582.141 0 c
589.42 -6.062 638.16 0 y
S
Q
q 1 0 0 1 584.8481 438.5032 cm
0 0 m
-84.338 8.582 -84.383 0 v
-84.428 -8.582 -92.26 -18.508 -100 -18.225 c
-107.74 -17.942 -114.958 -7.258 -113.149 0 c
-111.34 7.258 -204.411 -9.435 -204.501 0 c
-204.654 15.898 -215.878 16.016 -221.86 15.538 c
-237.34 14.818 -224.02 -6.062 -241.128 0 c
-248.755 2.703 -328.06 -2.695 -333.1 -0.959 c
-338.14 0.778 -327.7 -18.683 -343.18 -19.033 c
-358.66 -19.382 -356.86 -9.662 -354.501 0 c
-358.3 5.818 -450.294 6.062 -448.577 0 c
-446.86 -6.062 -445.78 -18.302 -461.26 -15.345 c
-477.82 -12.722 -467.183 -5.278 -472.501 0 c
-477.82 5.278 -547.506 -6.178 -555.503 0 c
-563.5 6.178 -554.5 13.378 -569.62 14.098 c
-585.82 13.738 -574.862 6.062 -582.141 0 c
-589.42 -6.062 -638.16 0 y
S
Q
q 1 0 0 1 584.8481 313.1232 cm
0 0 m
-84.338 -8.582 -84.383 0 v
-84.428 8.582 -92.26 18.508 -100 18.225 c
-107.74 17.942 -114.958 7.258 -113.149 0 c
-111.34 -7.258 -204.411 9.435 -204.501 0 c
-204.654 -15.898 -215.878 -16.016 -221.86 -15.538 c
-237.34 -14.818 -224.02 6.062 -241.128 0 c
-248.755 -2.703 -328.06 2.695 -333.1 0.959 c
-338.14 -0.778 -327.7 18.683 -343.18 19.033 c
-358.66 19.382 -356.86 9.662 -354.501 0 c
-358.3 -5.818 -450.294 -6.062 -448.577 0 c
-446.86 6.062 -445.78 18.302 -461.26 15.345 c
-477.82 12.722 -467.183 5.278 -472.501 0 c
-477.82 -5.278 -547.506 6.178 -555.503 0 c
-563.5 -6.178 -554.5 -13.378 -569.62 -14.098 c
-585.82 -13.738 -574.862 -6.062 -582.141 0 c
-589.42 6.062 -638.16 0 y
S
Q
q 1 0 0 1 584.8481 195.7914 cm
0 0 m
-84.338 8.582 -84.383 0 v
-84.428 -8.582 -92.26 -18.508 -100 -18.225 c
-107.74 -17.942 -114.958 -7.258 -113.149 0 c
-111.34 7.258 -204.411 -9.435 -204.501 0 c
-204.654 15.898 -215.878 16.016 -221.86 15.538 c
-237.34 14.818 -224.02 -6.062 -241.128 0 c
-248.755 2.703 -328.06 -2.695 -333.1 -0.959 c
-338.14 0.778 -327.7 -18.683 -343.18 -19.033 c
-358.66 -19.382 -356.86 -9.662 -354.501 0 c
-358.3 5.818 -450.294 6.062 -448.577 0 c
-446.86 -6.062 -445.78 -18.302 -461.26 -15.345 c
-477.82 -12.722 -467.183 -5.278 -472.501 0 c
-477.82 5.278 -547.506 -6.178 -555.503 0 c
-563.5 6.178 -554.5 13.378 -569.62 14.098 c
-585.82 13.738 -574.862 6.062 -582.141 0 c
-589.42 -6.062 -638.16 0 y
S
Q
q 1 0 0 1 -53.3451 84.4527 cm
0 0 m
84.338 8.582 84.383 0 v
84.428 -8.582 92.26 -18.508 100 -18.225 c
107.74 -17.942 114.958 -7.258 113.149 0 c
111.34 7.258 204.411 -9.435 204.501 0 c
204.654 15.898 215.878 16.016 221.86 15.538 c
237.34 14.818 224.02 -6.062 241.128 0 c
248.755 2.703 328.06 -2.695 333.1 -0.959 c
338.14 0.778 327.7 -18.683 343.18 -19.033 c
358.66 -19.382 356.86 -9.662 354.501 0 c
358.3 5.818 450.294 6.062 448.577 0 c
446.86 -6.062 445.78 -18.302 461.26 -15.345 c
477.82 -12.722 467.183 -5.278 472.501 0 c
477.82 5.278 547.506 -6.178 555.503 0 c
563.5 6.178 554.5 13.378 569.62 14.098 c
585.82 13.738 574.862 6.062 582.141 0 c
589.42 -6.062 638.16 0 y
S
Q
Q
0.834 0.869 0.944  scn
/GS0 gs
34.92 35.1 514.08 262.241 re
f
q
0 0 585 765 re
W n
/CS0 CS 1 1 1  SCN
3 w 4 M 
q 1 0 0 1 53.6976 -324.6591 cm
0 0 m
-8.582 84.338 0 84.383 v
8.582 84.428 18.508 92.26 18.225 100 c
17.942 107.74 7.258 114.958 0 113.149 c
-7.258 111.34 9.435 204.411 0 204.501 c
-15.898 204.654 -16.016 215.878 -15.538 221.86 c
-14.818 237.34 6.062 224.02 0 241.128 c
-2.703 248.755 2.695 328.06 0.959 333.1 c
-0.778 338.14 18.683 327.7 19.033 343.18 c
19.382 358.66 9.662 356.86 0 354.501 c
-5.818 358.3 -6.062 450.294 0 448.577 c
6.062 446.86 18.302 445.78 15.345 461.26 c
12.722 477.82 5.278 467.183 0 472.501 c
-5.278 477.82 6.178 547.506 0 555.503 c
-6.178 563.5 -13.378 554.5 -14.098 569.62 c
-13.738 585.82 -6.062 574.862 0 582.141 c
6.062 589.42 0 638.16 y
S
Q
q 1 0 0 1 155.1977 313.5341 cm
0 0 m
-8.582 -84.338 0 -84.383 v
8.582 -84.428 18.508 -92.26 18.225 -100 c
17.942 -107.74 7.258 -114.958 0 -113.149 c
-7.258 -111.34 9.435 -204.411 0 -204.501 c
-15.898 -204.654 -16.016 -215.878 -15.538 -221.86 c
-14.818 -237.34 6.062 -224.02 0 -241.128 c
-2.703 -248.755 2.695 -328.06 0.959 -333.1 c
-0.778 -338.14 18.683 -327.7 19.033 -343.18 c
19.382 -358.66 9.662 -356.86 0 -354.501 c
-5.818 -358.3 -6.062 -450.294 0 -448.577 c
6.062 -446.86 18.302 -445.78 15.345 -461.26 c
12.722 -477.82 5.278 -467.183 0 -472.501 c
-5.278 -477.82 6.178 -547.506 0 -555.503 c
-6.178 -563.5 -13.378 -554.5 -14.098 -569.62 c
-13.738 -585.82 -6.062 -574.862 0 -582.141 c
6.062 -589.42 0 -638.16 y
S
Q
q 1 0 0 1 246.0777 313.5341 cm
0 0 m
8.582 -84.338 0 -84.383 v
-8.582 -84.428 -18.508 -92.26 -18.225 -100 c
-17.942 -107.74 -7.258 -114.958 0 -113.149 c
7.258 -111.34 -9.435 -204.411 0 -204.501 c
15.898 -204.654 16.016 -215.878 15.538 -221.86 c
14.818 -237.34 -6.062 -224.02 0 -241.128 c
2.703 -248.755 -2.695 -328.06 -0.959 -333.1 c
0.778 -338.14 -18.683 -327.7 -19.033 -343.18 c
-19.382 -358.66 -9.662 -356.86 0 -354.501 c
5.818 -358.3 6.062 -450.294 0 -448.577 c
-6.062 -446.86 -18.302 -445.78 -15.345 -461.26 c
-12.722 -477.82 -5.278 -467.183 0 -472.501 c
5.278 -477.82 -6.178 -547.506 0 -555.503 c
6.178 -563.5 13.378 -554.5 14.098 -569.62 c
13.738 -585.82 6.062 -574.862 0 -582.141 c
-6.062 -589.42 0 -638.16 y
S
Q
q 1 0 0 1 352.5777 -324.6591 cm
0 0 m
8.582 84.338 0 84.383 v
-8.582 84.428 -18.508 92.26 -18.225 100 c
-17.942 107.74 -7.258 114.958 0 113.149 c
7.258 111.34 -9.435 204.411 0 204.501 c
15.898 204.654 16.016 215.878 15.538 221.86 c
14.818 237.34 -6.062 224.02 0 241.128 c
2.703 248.755 -2.695 328.06 -0.959 333.1 c
0.778 338.14 -18.683 327.7 -19.033 343.18 c
-19.382 358.66 -9.662 356.86 0 354.501 c
5.818 358.3 6.062 450.294 0 448.577 c
-6.062 446.86 -18.302 445.78 -15.345 461.26 c
-12.722 477.82 -5.278 467.183 0 472.501 c
5.278 477.82 -6.178 547.506 0 555.503 c
6.178 563.5 13.378 554.5 14.098 569.62 c
13.738 585.82 6.062 574.862 0 582.141 c
-6.062 589.42 0 638.16 y
S
Q
q 1 0 0 1 632.9451 185.6923 cm
0 0 m
-84.338 8.582 -84.383 0 v
-84.428 -8.582 -92.26 -18.508 -100 -18.225 c
-107.74 -17.942 -114.958 -7.258 -113.149 0 c
-111.34 7.258 -204.411 -9.435 -204.501 0 c
-204.654 15.898 -215.878 16.016 -221.86 15.538 c
-237.34 14.818 -224.02 -6.062 -241.128 0 c
-248.755 2.703 -328.06 -2.695 -333.1 -0.959 c
-338.14 0.778 -327.7 -18.683 -343.18 -19.033 c
-358.66 -19.382 -356.86 -9.662 -354.501 0 c
-358.3 5.818 -450.294 6.062 -448.577 0 c
-446.86 -6.062 -445.78 -18.302 -461.26 -15.345 c
-477.82 -12.722 -467.183 -5.278 -472.501 0 c
-477.82 5.278 -547.506 -6.178 -555.503 0 c
-563.5 6.178 -554.5 13.378 -569.62 14.098 c
-585.82 13.738 -574.862 6.062 -582.141 0 c
-589.42 -6.062 -638.16 0 y
S
Q
Q
BT
0 0 0  scn
/GS1 gs
/T1_1 1 Tf
0 Tc 0 Tw 14 0 0 14 36 647.284 Tm
(\002\212\003\004)Tj
ET
q
0 0 585 765 re
W n
BT
0.428 0.433 0.443  scn
/GS0 gs
/T1_2 1 Tf
9 0 0 9 66.7015 647.284 Tm
(\031)Tj
/Span<</ActualText<FEFF006D>>> BDC 
6.3 0 0 6.3 108.3002 647.284 Tm
(\030)Tj
EMC 
(\032)Tj
/Span<</ActualText<FEFF00630063>>> BDC 
(\027\027)Tj
EMC 
/Span<</ActualText<FEFF0020>>> BDC 
9 0 0 9 125.8202 647.284 Tm
(\031)Tj
EMC 
(\026\025\016)Tj
-9.98 -1.2 Td
(\006\025\021\016\004)Tj
/Span<</ActualText<FEFF0020>>> BDC 
(\031)Tj
EMC 
6.3 0 0 6.3 59.9398 636.484 Tm
(\033)Tj
/Span<</ActualText<FEFF006D>>> BDC 
(\030)Tj
EMC 
ET
Q
BT
/T1_3 1 Tf
9 0 0 9 36 623.524 Tm
(\221\031\023\031\035\b\016\026)Tj
/T1_1 1 Tf
/Span<</ActualText<FEFF0052>>> BDC 
0 -1.44 TD
(\021)Tj
EMC 
(\017)Tj
/Span<</ActualText<FEFF0073>>> BDC 
(\024)Tj
EMC 
(\017\033\021)Tj
/Span<</ActualText<FEFF0063>>> BDC 
(\031)Tj
EMC 
(\013\020)Tj
/Span<</ActualText<FEFF0052>>> BDC 
(\021)Tj
EMC 
(\035)Tj
/Span<</ActualText<FEFF0075>>> BDC 
(\030)Tj
EMC 
(\036)Tj
/Span<</ActualText<FEFF0064>>> BDC 
(\r)Tj
EMC 
(\023\030)Tj
/Span<</ActualText<FEFF0070>>> BDC 
(\025)Tj
EMC 
/T1_0 1 Tf
0 -1.6 TD
[(\003)-15(\r)-9(\017\026\202\013)-2(\023)-1(\022\026\013\255\026\020)-8(\r)2(\002)7(\016\026\016\017)-8(\016)11(\016)7(\002)-3(\013)-5(\n\026\002)7(\016\026\020)2(\013\026\017)-11(\n)-2(\202)-7(\023)-1(\202)-4(\017\026\f)-6(\t)-8(\023)-4(\007)-35(\020)-4(\002)-4(\020)-4(\002)-3(\013)-5(\n)-8(\017)-11(\t)-11(\016\026\223)-10(\002)-4(\020)-8(\r\026\007)-3(\021)2(\t)-12(\t)-2(\017)-11(\n)-6(\020\026)]TJ
0 -1.2 TD
[(\t)-2(\017)-8(\016\017)-8(\023)2(\t)1(\007)-10(\r\026\002)4(\n\026\022)2(\002)2(\005)-6(\t)-8(\023)2(\t)-48(\004\026\023)2(\n)-8(\240\026\002)4(\n)-1(\255)-9(\013)-5(\t)-12(\006)-3(\023)-3(\020)-4(\002)-3(\013)-5(\n\026\016\007)-6(\002)-5(\017)-11(\n)-8(\007\017\026\023)2(\n)-8(\240\026\t)-2(\017)-12(\022)-2(\023)-3(\020)-1(\017)-17(\240\026\234)-19(\017)-12(\022)-8(\240)2(\016)-6(\036\026)]TJ
T*
[(\235)-2(\t)-2(\017)-8(\016\017)-11(\n)-6(\020)-1(\017)-10(\t)-11(\016\026\223)-10(\002)2(\022)1(\022\026\020)-15(\023)-1(\022)1(\026\023\005)-14(\013)-7(\021)-7(\020\026\020)-8(\r)-9(\017)-8(\002)4(\t\026\016)-13(\020)-3(\021)-10(\240)1(\002)-5(\017)-8(\016\026\002)4(\n\026\016)5(\006)-3(\023)-1(\022)1(\022\026\202)-3(\t)1(\013)-7(\021)2(\f)-1(\016\026\207\026\002)4(\n\026\023\026\255)-9(\013)-5(\t)-12(\006\026)]TJ
T*
[(\013\255\026\260)12(\t)-2(\017)-8(\016\017)-8(\023)2(\t)1(\007)-10(\r\026\016)5(\f)-17(\017)-17(\017)-17(\240\026\240)-3(\023)-3(\020)-4(\002)4(\n)-2(\202)-18(\261\026\207\026\223)-10(\002)-4(\020)-8(\r\026\020)-8(\r)-9(\017\026\202\013)-2(\023)-1(\022\026\013\255\026\002)4(\n)-8(\007)-6(\t)-2(\017)-8(\023\016)7(\002)4(\n)-2(\202\026\020)-8(\r)-9(\017\026\021)3(\016\017\026\013\255\026)]TJ
T*
[(\t)-2(\017)-8(\016\017)-8(\023)2(\t)1(\007)-10(\r\026\017)-8(\205)-5(\002)-5(\240)-10(\017)-11(\n)-8(\007\017\026\002)4(\n\026\f)-14(\013)-8(\022)2(\002)-3(\007)-35(\004\026\023)2(\n)-8(\240\026\f)-6(\t)-8(\023)-4(\007)-35(\020)-4(\002)-3(\007\017)-8(\036\026)]TJ
/Span<</ActualText<FEFF0053>>> BDC 
(\032)Tj
EMC 
17.669 0 Td
[(\013)-5(\006)-9(\017\026\017)-17(\211)-9(\023)2(\006)1(\f)-9(\022)-9(\017)-8(\016\026\255)-9(\013)-8(\022)1(\022)-7(\013)-5(\223\026\207\026)]TJ
-17.669 -1.2 Td
[(\n)-8(\017)-14(\223\026\013)-5(\n)-8(\017)-8(\016\026\223)-10(\002)2(\022)1(\022\026\005)-17(\017\026\023)-4(\240)-10(\240)-10(\017)-17(\240\026\020)2(\013\026\020)-8(\r)-9(\017\026\223)-10(\017)-12(\005)-1(\016)7(\002)-4(\020)-1(\017\026\023\016\026\020)-8(\r)-9(\017)-10(\004\026\023)2(\t)-2(\017\026\023)-4(\007)1(\007\017)-11(\f)-9(\020)-1(\017)-17(\240)-5(\036)]TJ
0.503 0.51 0.52  scn
/GS0 gs
/T1_1 1 Tf
8 0 0 8 36 528.064 Tm
(\030\036)Tj
/Span<</ActualText<FEFF0064>>> BDC 
(\r)Tj
EMC 
(\017\021)Tj
/Span<</ActualText<FEFF0073>>> BDC 
(\024)Tj
EMC 
[(\032)70(\033\036)]TJ
/Span<</ActualText<FEFF00640069>>> BDC 
(\r\037)Tj
EMC 
(\036\016\020)Tj
/Span<</ActualText<FEFF0063>>> BDC 
(\031)Tj
EMC 
(\035\016\036)Tj
/Span<</ActualText<FEFF0069>>> BDC 
(\037)Tj
EMC 
(\032)Tj
/Span<</ActualText<FEFF0069>>> BDC 
(\037)Tj
EMC 
[(\034\017\020\033)70(\032\032\021)]TJ
/Span<</ActualText<FEFF006900620075>>> BDC 
(\037\026\030)Tj
EMC 
(\032\017)Tj
/Span<</ActualText<FEFF0073>>> BDC 
(\024)Tj
EMC 
(\020\032\035\020)Tj
/Span<</ActualText<FEFF006400690066006600750073>>> BDC 
(\r\037\022\022\030\024)Tj
EMC 
(\017\020)Tj
T*
(\013\017\033)Tj
/Span<</ActualText<FEFF006C>>> BDC 
(\027)Tj
EMC 
2.577 0 Td
(\032\013\020)Tj
/Span<</ActualText<FEFF0069>>> BDC 
(\037)Tj
EMC 
(\036)Tj
/Span<</ActualText<FEFF0066>>> BDC 
(\022)Tj
EMC 
[(\035\021\b\033)70(\032)]TJ
/Span<</ActualText<FEFF0069>>> BDC 
(\037)Tj
EMC 
(\035\036\020\b\035\021\017\020\017)Tj
/Span<</ActualText<FEFF00660066>>> BDC 
(\022\022)Tj
EMC 
(\017)Tj
/Span<</ActualText<FEFF0063>>> BDC 
(\031)Tj
EMC 
(\032)Tj
/Span<</ActualText<FEFF0069>>> BDC 
(\037)Tj
EMC 
(\034\017)Tj
/Span<</ActualText<FEFF006C>>> BDC 
(\027)Tj
EMC 
18.16 0 Td
(\t)Tj
0 0 0  scn
/GS1 gs
/T1_4 1 Tf
-20.736 -1.56 Td
(\036\021\020\262\023\r\001\b\020\032)Tj
/Span<</ActualText<FEFF0046>>> BDC 
(\211)Tj
EMC 
4.847 0 Td
[(\017\b\f\204\020\b)80(\227\032)]TJ
/T1_0 1 Tf
(\224\013\007\020\013\t\023\022\026)Tj
/Span<</ActualText<FEFF0053>>> BDC 
(\032)Tj
EMC 
(\020\021\240\017\n\020\201\026)Tj
/Span<</ActualText<FEFF0055>>> BDC 
(\242)Tj
EMC 
(\n\002\205\017\t\016\002\020\004\026\013\255\026)Tj
/Span<</ActualText<FEFF0057>>> BDC 
(\037)Tj
EMC 
16.487 0 Td
(\017\016\020\017\t\n\026)Tj
/Span<</ActualText<FEFF004F>>> BDC 
(\031)Tj
EMC 
(\n\020\023\t\002\013\026\236\001\225)Tj
/Span<</ActualText<FEFF004D0053>>> BDC 
(\027\032)Tj
EMC 
(\237)Tj
0.503 0.51 0.52  scn
/GS0 gs
/T1_1 1 Tf
-21.333 -1.763 Td
(\031\035\b)Tj
/Span<</ActualText<FEFF006900630073>>> BDC 
(\037\031\024)Tj
EMC 
(\020)Tj
/Span<</ActualText<FEFF0069>>> BDC 
(\037)Tj
EMC 
(\036\020\032\013\017\020)Tj
/Span<</ActualText<FEFF006C00690066>>> BDC 
(\027\037\022)Tj
EMC 
(\017\020\035)Tj
/Span<</ActualText<FEFF0066>>> BDC 
(\022)Tj
EMC 
(\020\032\013\017\020\t\035)Tj
/Span<</ActualText<FEFF0075>>> BDC 
(\030)Tj
EMC 
(\036\016\020\033)Tj
/Span<</ActualText<FEFF00640075006C>>> BDC 
(\r\030\027)Tj
EMC 
20.726 0 Td
(\032\020\021\017\033)Tj
/Span<</ActualText<FEFF0064>>> BDC 
(\r)Tj
EMC 
(\017\021\217\020)Tj
-20.726 -1.2 Td
(\030\036)Tj
/Span<</ActualText<FEFF0064>>> BDC 
(\r)Tj
EMC 
(\017\021)Tj
/Span<</ActualText<FEFF0073>>> BDC 
(\024)Tj
EMC 
[(\032)70(\033\036)]TJ
/Span<</ActualText<FEFF00640069>>> BDC 
(\r\037)Tj
EMC 
(\036\016\020\032\013\017\020\017\n)Tj
/Span<</ActualText<FEFF0070>>> BDC 
(\025)Tj
EMC 
(\017\021)Tj
/Span<</ActualText<FEFF0069>>> BDC 
(\037)Tj
EMC 
(\017\036)Tj
/Span<</ActualText<FEFF0063>>> BDC 
(\031)Tj
EMC 
(\017\020\035)Tj
/Span<</ActualText<FEFF0066>>> BDC 
(\022)Tj
EMC 
(\020\021\017\033)Tj
/Span<</ActualText<FEFF00640069>>> BDC 
(\r\037)Tj
EMC 
(\036\016\020\016\021\033)Tj
/Span<</ActualText<FEFF0070>>> BDC 
(\025)Tj
EMC 
(\013)Tj
/Span<</ActualText<FEFF00690063>>> BDC 
(\037\031)Tj
EMC 
(\020)Tj
T*
(\036\035\034\017)Tj
/Span<</ActualText<FEFF006C0073>>> BDC 
(\027\024)Tj
EMC 
(\020\033\036)Tj
/Span<</ActualText<FEFF0064>>> BDC 
(\r)Tj
EMC 
(\020)Tj
/Span<</ActualText<FEFF0063>>> BDC 
(\031)Tj
EMC 
(\035\b)Tj
/Span<</ActualText<FEFF00690063>>> BDC 
(\037\031)Tj
EMC 
(\020)Tj
/Span<</ActualText<FEFF0062>>> BDC 
(\026)Tj
EMC 
(\035\035\f)Tj
/Span<</ActualText<FEFF0073>>> BDC 
(\024)Tj
EMC 
(\020)Tj
/Span<</ActualText<FEFF0069>>> BDC 
(\037)Tj
EMC 
(\036\020)Tj
/Span<</ActualText<FEFF0063>>> BDC 
(\031)Tj
EMC 
(\035\036\032\017\b)Tj
/Span<</ActualText<FEFF0070>>> BDC 
(\025)Tj
EMC 
(\035\021\033\021\t\020)Tj
/Span<</ActualText<FEFF0073>>> BDC 
(\024)Tj
EMC 
(\035)Tj
/Span<</ActualText<FEFF00630069>>> BDC 
(\031\037)Tj
EMC 
(\017\032\t)Tj
0 0 0  scn
/GS1 gs
/T1_4 1 Tf
0 -1.56 TD
[(\255\n\007\204\023\032\031)25(\020\001\020\204\b\023\032\025\020\b\023\r\f\020\013\227\032)]TJ
/T1_0 1 Tf
(\224\013\007\020\013\t\023\022\026)Tj
/Span<</ActualText<FEFF0053>>> BDC 
(\032)Tj
EMC 
(\020\021\240\017\n\020\201\026)Tj
/Span<</ActualText<FEFF0055>>> BDC 
0 -1.2 TD
(\242)Tj
EMC 
(\n\002\205\017\t\016\002\020\004\026\013\255\026)Tj
/Span<</ActualText<FEFF0057>>> BDC 
(\037)Tj
EMC 
6.272 0 Td
(\017\016\020\017\t\n\026)Tj
/Span<</ActualText<FEFF004F>>> BDC 
(\031)Tj
EMC 
(\n\020\023\t\002\013\026\236\001\225)Tj
/Span<</ActualText<FEFF004D0053>>> BDC 
(\027\032)Tj
EMC 
(\237)Tj
0.503 0.51 0.52  scn
/GS0 gs
/T1_1 1 Tf
/Span<</ActualText<FEFF0041>>> BDC 
-6.272 -1.762 Td
(\033)Tj
EMC 
(\020\025)Tj
/Span<</ActualText<FEFF006C>>> BDC 
(\027)Tj
EMC 
(\033)Tj
/Span<</ActualText<FEFF0063>>> BDC 
(\031)Tj
EMC 
(\017\020)Tj
/Span<</ActualText<FEFF0066>>> BDC 
(\022)Tj
EMC 
(\035\021\020\030)Tj
/Span<</ActualText<FEFF0073>>> BDC 
(\024)Tj
EMC 
(\214\020\026\033)Tj
/Span<</ActualText<FEFF0062>>> BDC 
(\026)Tj
EMC 
(\t\020\026\035\035\b\017\021)Tj
/Span<</ActualText<FEFF0073>>> BDC 
(\024)Tj
EMC 
(\240\020)Tj
/Span<</ActualText<FEFF0054>>> BDC 
(\032)Tj
EMC 
(\013\017)Tj
/Span<</ActualText<FEFF0069>>> BDC 
(\037)Tj
EMC 
(\021\020)Tj
/Span<</ActualText<FEFF0045006C0064>>> BDC 
T*
(\017\027\r)Tj
EMC 
(\017\021)Tj
/Span<</ActualText<FEFF0073>>> BDC 
(\024)Tj
EMC 
(\240\020\033\036)Tj
/Span<</ActualText<FEFF0064>>> BDC 
(\r)Tj
EMC 
(\020\032\013\017\020\025)Tj
/Span<</ActualText<FEFF00750062006C00690063>>> BDC 
(\030\026\027\037\031)Tj
EMC 
(\020\027)Tj
/Span<</ActualText<FEFF00690062>>> BDC 
(\037\026)Tj
EMC 
(\021\033\021\t)Tj
0 0 0  scn
/GS1 gs
/T1_4 1 Tf
0 -1.56 TD
[(\235)60(\020\r\001\223\032\033\017\022\022\204\r\013\227\032)]TJ
/T1_0 1 Tf
/Span<</ActualText<FEFF0053>>> BDC 
(\032)Tj
EMC 
(\007\r\013\013\022\026\013\255\026\225\n\255\013\t\006\023\020\002\013\n\\026)Tj
/Span<</ActualText<FEFF0053>>> BDC 
(\032)Tj
EMC 
(\020\021\240\002\017\016\201\026)Tj
/Span<</ActualText<FEFF0055>>> BDC 
(\242)Tj
EMC 
(\n\002\205\017\t\016\002\020\004\026\013\255\026)Tj
/Span<</ActualText<FEFF004F>>> BDC 
(\031)Tj
EMC 
(\020\020\023\223\023)Tj
0.503 0.51 0.52  scn
/GS0 gs
/T1_1 1 Tf
0 -1.762 TD
(\022)Tj
/Span<</ActualText<FEFF0052>>> BDC 
(\021)Tj
EMC 
(\026)Tj
/Span<</ActualText<FEFF0052>>> BDC 
(\021)Tj
EMC 
(\020\033\036)Tj
/Span<</ActualText<FEFF0064>>> BDC 
(\r)Tj
EMC 
(\020\025\021\017)Tj
/Span<</ActualText<FEFF006A0075006400690063>>> BDC 
(\221\030\r\037\031)Tj
EMC 
[(\017\217\020\031\033)70(\032)70(\033)]TJ
/Span<</ActualText<FEFF006C>>> BDC 
(\027)Tj
EMC 
(\035\016)Tj
/Span<</ActualText<FEFF00750069>>> BDC 
(\030\037)Tj
EMC 
(\036\016\020\025\033\021\033)Tj
/Span<</ActualText<FEFF00640069>>> BDC 
(\r\037)Tj
EMC 
(\016\b)Tj
/Span<</ActualText<FEFF0073>>> BDC 
(\024)Tj
EMC 
(\020)Tj
/Span<</ActualText<FEFF0069>>> BDC 
0 -1.2 TD
(\037)Tj
EMC 
(\036\020\033\020)Tj
/Span<</ActualText<FEFF004E>>> BDC 
(\036)Tj
EMC 
[(\035\036\023\031\033)70(\032)70(\033)]TJ
/Span<</ActualText<FEFF006C>>> BDC 
(\027)Tj
EMC 
(\035\016)Tj
/Span<</ActualText<FEFF00750069>>> BDC 
(\030\037)Tj
EMC 
(\036\016\020\031\035\036\032\017\n\032)Tj
0 0 0  scn
/GS1 gs
/T1_4 1 Tf
0 -1.56 TD
[(\240\205\032\217\b\023\r\f\032\031)30(\023\202\t\022\020\021\021\227\032)]TJ
/T1_0 1 Tf
/Span<</ActualText<FEFF0041>>> BDC 
(\035)Tj
EMC 
[(\016\016\013\007\002\023\020\017\026\235\t\013\255\017\016\016\013\t)80(\201\026)]TJ
/Span<</ActualText<FEFF0055>>> BDC 
(\242)Tj
EMC 
(\n\002\205\017\t\016\002\020\004\026\013\255\026)Tj
/Span<</ActualText<FEFF0057>>> BDC 
(\037)Tj
EMC 
23.075 0 Td
(\017\016\020\017\t\n\026)Tj
/Span<</ActualText<FEFF004F>>> BDC 
(\031)Tj
EMC 
(\n\020\023\t\002\013)Tj
9 0 0 9 36 363.844 Tm
[(\001)26(\021\022)1(\022\026\023\005)-1(\016)-13(\020)-4(\t)-8(\023)-4(\007)-35(\020)-17(\016\026\223)-10(\002)2(\022)1(\022\026\005)-17(\017\026\f)-8(\021\005)-9(\022)2(\002)7(\016)1(\r)-9(\017)-17(\240\026\013)-5(\n\022)2(\002)4(\n)-8(\017\026\023)2(\n)-8(\240\026\002)4(\n\026\020)-7(\r)-9(\017\026\234)-12(\n)-2(\023)-1(\022\026\f)-6(\t)1(\013)-5(\202)-3(\t)-8(\023)2(\006)-4(\036)]TJ
/T1_1 1 Tf
14 0 0 14 298.5 647.284 Tm
(\002\212\003\203)Tj
ET
q
0 0 585 765 re
W n
BT
0.428 0.433 0.443  scn
/GS0 gs
/T1_2 1 Tf
9 0 0 9 328.3055 647.284 Tm
(\031)Tj
/Span<</ActualText<FEFF006D>>> BDC 
6.3 0 0 6.3 371.6643 647.284 Tm
(\030)Tj
EMC 
(\032)Tj
/Span<</ActualText<FEFF00630063>>> BDC 
(\027\027)Tj
EMC 
/Span<</ActualText<FEFF0020>>> BDC 
9 0 0 9 389.1843 647.284 Tm
(\031)Tj
EMC 
(\026\025\020)Tj
-10.076 -1.2 Td
(\006\025\021\016\004)Tj
/Span<</ActualText<FEFF0020>>> BDC 
(\031)Tj
EMC 
6.3 0 0 6.3 322.4398 636.484 Tm
(\033)Tj
/Span<</ActualText<FEFF006D>>> BDC 
(\030)Tj
EMC 
ET
Q
BT
/T1_3 1 Tf
9 0 0 9 298.5 623.524 Tm
[(\200)25(\024\036\036\r\032\033\027\t\030\025\035\b\027\032\031\b\023\026\033\025\\023\030\001\031\035\b\032\033\032\034\030\200)25(\024\036\036\024\032\023)]TJ
/T1_1 1 Tf
/Span<</ActualText<FEFF0054>>> BDC 
0 -1.44 TD
(\032)Tj
EMC 
(\013\017\020\027)Tj
/Span<</ActualText<FEFF00690062>>> BDC 
(\037\026)Tj
EMC 
(\021\033\021\t\020\033)Tj
/Span<</ActualText<FEFF0073>>> BDC 
(\024)Tj
EMC 
(\020\025)Tj
/Span<</ActualText<FEFF006C>>> BDC 
(\027)Tj
EMC 
(\033)Tj
/Span<</ActualText<FEFF0063>>> BDC 
(\031)Tj
EMC 
(\017\217\020)Tj
/Span<</ActualText<FEFF0054>>> BDC 
(\032)Tj
EMC 
12.444 0 Td
(\033)Tj
/Span<</ActualText<FEFF006C>>> BDC 
(\027)Tj
EMC 
(\017)Tj
/Span<</ActualText<FEFF0073>>> BDC 
(\024)Tj
EMC 
(\020)Tj
/Span<</ActualText<FEFF0066>>> BDC 
(\022)Tj
EMC 
(\021\035\b\020\032\013\017\020)Tj
-12.444 -1.2 Td
(\031\035\b\b)Tj
/Span<</ActualText<FEFF0075>>> BDC 
(\030)Tj
EMC 
(\036)Tj
/Span<</ActualText<FEFF0069>>> BDC 
(\037)Tj
EMC 
(\032\t\020\027\017\033\021\036)Tj
/Span<</ActualText<FEFF0069>>> BDC 
(\037)Tj
EMC 
(\036\016\020\031\035\b\b\035\036)Tj
/Span<</ActualText<FEFF0073>>> BDC 
(\024)Tj
EMC 
/T1_0 1 Tf
0 -1.6 TD
[(\003)-15(\r)-9(\017\026\202)-5(\022)-7(\013)-7(\005)-5(\023)-1(\022\026\017)-17(\007)4(\013)-5(\n)-7(\013)-5(\006)-1(\004\026\002)7(\016\026\016)1(\r)2(\002)1(\255)-46(\020)-4(\002)4(\n)-2(\202\026\023)2(\n)-8(\240\026\022)2(\002)2(\005)-6(\t)-8(\023)2(\t)-12(\002)-5(\017)-8(\016\026\023)2(\t)-2(\017\026\r)-2(\023)2(\t)2(\240\026\f)-6(\t)-2(\017)-8(\016)11(\016\017)-17(\240\026)]TJ
0 -1.2 TD
[(\020)2(\013\026\226)3(\021)2(\016)-13(\020)-4(\002)1(\255)-49(\004\026\020)-8(\r)-9(\017)-8(\002)4(\t\026\f)-17(\017)-11(\t)-46(\020)-4(\002)4(\n)-8(\017)-11(\n)-8(\007\017\026\020)2(\013\026)]TJ
/Span<</ActualText<FEFF004F>>> BDC 
(\031)Tj
EMC 
12.634 0 Td
[(\n)-6(\020)-15(\023)2(\t)-12(\002)-3(\013)8(\244)32(\016\026)-8(\n)-7(\013)-5(\223)-12(\022)-9(\017)-17(\240)-4(\202)-4(\017\026\017)-17(\007)4(\013)-5(\n)-7(\013)-5(\006)-1(\004\026\002)4(\n\026)]TJ
-12.634 -1.2 Td
[(\023\026\223)-7(\013)-5(\t)-14(\022)-8(\240\026\020)-8(\r)-2(\023)-3(\020\026\005)-17(\017)-12(\022)2(\002)-5(\017)-8(\205)1(\017)-8(\016\026\023)-1(\022)1(\022\026\020)-8(\r)-2(\023)-3(\020\026\002)7(\016\026\n)-8(\017)-17(\007\017)-8(\016)11(\016)1(\023)2(\t)-48(\004\026\020)2(\013\026)-8(\n)-7(\013)-5(\223\026\002)7(\016\026\023)-3(\020\026\020)-8(\r)-9(\017\026\017)-11(\n)-8(\240\026)]TJ
T*
[(\013\255\026\023\026\007)-8(\022)2(\002)-3(\007)-8()-14(\201\026\016\013)-5(\006)-9(\017)-14(\223)-14(\r)-9(\017)-11(\t)-2(\017)-10(\222\026)]TJ
/Span<</ActualText<FEFF0057>>> BDC 
(\037)Tj
EMC 
10.353 0 Td
[(\017\026\017)-17(\211)-8(\f)-9(\022)-7(\013)-5(\t)-2(\017\026\013)-7(\021)2(\t\026\205)-5(\002)7(\016)7(\002)-3(\013)-5(\n\026\013\255\026\020)-8(\r)-9(\017\026)]TJ
/Span<</ActualText<FEFF0043>>> BDC 
(\034)Tj
EMC 
11.637 0 Td
[(\013)-5(\006)1(\006)-1(\021)2(\n)2(\002)-4(\020)-38(\004\026)]TJ
/Span<</ActualText<FEFF004C>>> BDC 
-21.99 -1.2 Td
(\030)Tj
EMC 
0.509 0 Td
[(\017)-8(\023)2(\t)-12(\n)2(\002)4(\n)-2(\202\026)]TJ
/Span<</ActualText<FEFF0043>>> BDC 
(\034)Tj
EMC 
3.99 0 Td
[(\013)-5(\006)1(\006)-8(\013)-5(\n)3(\016\026\020)-8(\r)1(\t)1(\013)-7(\021)-4(\202)-7(\r\026\003)-15(\r)-9(\017\026\003)57(\017)-17(\007)-10(\r)1(\n)-7(\013)-8(\022)-7(\013)-5(\202)-40(\004\026\023)2(\n)-8(\240\026\247)-5(\017)-8(\023)-1(\022)-6(\020)-8(\r\026\001)24(\023)2(\002)4(\t)-11(\016\026)]TJ
-4.499 -1.2 Td
[(\023)2(\n)-8(\240\026\013)-7(\021)2(\t\026)]TJ
/Span<</ActualText<FEFF0053>>> BDC 
(\032)Tj
EMC 
4.011 0 Td
[(\020)-3(\021)-10(\240)-11(\004\026\247)1(\023)-1(\022)1(\022\026\235)-2(\t)2(\013)-5(\202)-3(\t)-8(\023)2(\006)1(\016)-6(\036\026\003)-15(\r)2(\002)7(\016\026\016\017)-8(\016)11(\016)7(\002)-3(\013)-5(\n\026\t)-2(\017)-8(\016)5(\f)-14(\013)-5(\n)-8(\240)2(\016\026\020)2(\013\026\020)-8(\r)-7(\013)1(\016\017\026\223)-14(\r)-7(\013\026)]TJ
-4.011 -1.2 Td
[(\f)-14(\013)-5(\n)-8(\240)-10(\017)-11(\t\026\223)-14(\r\004\026\f)-17(\017)-15(\013)-5(\f)-9(\022)-9(\017\026\022)-7(\013)2(\205)1(\017\026\022)2(\002)2(\005)-6(\t)-8(\023)2(\t)-12(\002)-5(\017)-8(\016)-8(\201\026\223)-14(\r\004\026\020)-8(\r)-9(\017)-10(\004\026\007)4(\013)-5(\006)-9(\017\026\023)2(\n)-8(\240\026\r)-7(\013)-5(\223\026\223)-10(\017\026\007)-16(\023)2(\n\026)]TJ
T*
[(\016)5(\021)-8(\007)1(\007\017)-8(\016)11(\016)-9(\255)-14(\021\022)1(\022)-9(\004\026\021)2(\016\017\026\013)-7(\021)2(\t\026\020)-4(\t)-8(\023)2(\255)-44(\234)-17(\007\026\020)2(\013\026\017)-11(\n)-2(\202)-7(\023)-1(\202)-4(\017\026\020)-8(\r)-9(\017\026\240)1(\002)7(\016\017)-11(\n)-2(\202)-7(\023)-1(\202)-4(\017)-17(\240\026\023)2(\n)-8(\240\026\005)-8(\021)1(\002)2(\022)-8(\240\026)]TJ
T*
[(\023)-1(\022)1(\022)2(\002)-5(\017)-8(\016\026\002)4(\n\026\240)1(\002)1(\255)-41(\255)-13(\017)-11(\t)-2(\017)-11(\n)-6(\020\026\016\017)-17(\007)-35(\020)2(\013)-5(\t)-11(\016\026\223)-14(\r)2(\002)2(\022)-9(\017\026\007)-10(\r)-2(\023)-1(\022)1(\022)-9(\017)-11(\n)-2(\202)-3(\002)4(\n)-2(\202\026\223)-14(\r)-2(\023)-3(\020\026\013)-7(\021)2(\t\026\022)2(\002)2(\005)-6(\t)-8(\023)2(\t)-48(\004\026\n)-8(\017)-17(\017)-17(\240)2(\016\026)]TJ
T*
[(\020)2(\013\026\005)-17(\017\026\002)4(\n\026\020)3(\013)-14(\240)-3(\023)4(\004)-20(\244)32(\016\026\202)-5(\022)-7(\013)-7(\005)-5(\023)-1(\022\026\017)-17(\007)4(\013)-5(\n)-7(\013)-5(\006)-1(\004)32(\036\026)]TJ
/Span<</ActualText<FEFF0057>>> BDC 
(\037)Tj
EMC 
14.511 0 Td
[(\017\026\023\016)3()5(\017)-17(\240\026\013)-7(\021)2(\t\026\016)-13(\020)-15(\023)2(\255)-41(\255\026\020)2(\013\026\005)-6(\t)-12(\002)4(\n)-2(\202\026\002)-4(\020\026\013)-5(\n\222)]TJ
0.503 0.51 0.52  scn
/GS0 gs
/T1_1 1 Tf
/Span<</ActualText<FEFF0054>>> BDC 
8 0 0 8 298.5 474.064 Tm
(\032)Tj
EMC 
(\013\017\020\031\035\b\b)Tj
/Span<</ActualText<FEFF0075>>> BDC 
(\030)Tj
EMC 
(\036)Tj
/Span<</ActualText<FEFF0069>>> BDC 
(\037)Tj
EMC 
(\032\t\020\027\017\033\021\036)Tj
/Span<</ActualText<FEFF0069>>> BDC 
(\037)Tj
EMC 
(\036\016\020\031\035\b\b\035\036)Tj
/Span<</ActualText<FEFF0073>>> BDC 
(\024)Tj
EMC 
(\217\020)Tj
T*
(\027)Tj
/Span<</ActualText<FEFF00690062>>> BDC 
(\037\026)Tj
EMC 
(\021\033\021\t\020\033)Tj
/Span<</ActualText<FEFF0073>>> BDC 
(\024)Tj
EMC 
[(\020\037\036\032\017\016\021\033)70(\032\035\021)]TJ
0 0 0  scn
/GS1 gs
/T1_4 1 Tf
0 -1.56 TD
(\033\017\013\020\202\023\b\223\032\247\023\023\r\023\201\200\227\032)Tj
/T1_0 1 Tf
/Span<</ActualText<FEFF004D>>> BDC 
(\027)Tj
EMC 
(\023\n\023\202\017\t\026\013\255\026)Tj
/Span<</ActualText<FEFF0041>>> BDC 
(\035)Tj
EMC 
(\240\021\022\020\026)Tj
/Span<</ActualText<FEFF0053>>> BDC 
(\032)Tj
EMC 
(\017\t\205\002\007\017\016\201\026\216\002\007\r\006\013\n\240\026\247\002\\022\022\026\235)Tj
/Span<</ActualText<FEFF004C>>> BDC 
(\030)Tj
EMC 
(\026)Tj
0.503 0.51 0.52  scn
/GS0 gs
/T1_1 1 Tf
/Span<</ActualText<FEFF0041>>> BDC 
0 -1.762 TD
(\033)Tj
EMC 
(\020)Tj
/Span<</ActualText<FEFF0054>>> BDC 
(\032)Tj
EMC 
(\017)Tj
/Span<</ActualText<FEFF0063>>> BDC 
(\031)Tj
EMC 
(\013\036\035)Tj
/Span<</ActualText<FEFF006C>>> BDC 
(\027)Tj
EMC 
(\035\016\t\020\022\033)Tj
/Span<</ActualText<FEFF0069>>> BDC 
(\037)Tj
EMC 
(\021\217\020)Tj
/Span<</ActualText<FEFF0056>>> BDC 
(\034)Tj
EMC 
(\017\036)Tj
/Span<</ActualText<FEFF0064>>> BDC 
(\r)Tj
EMC 
(\035\021)Tj
/Span<</ActualText<FEFF0073>>> BDC 
(\024)Tj
EMC 
(\240\020\r)Tj
/Span<</ActualText<FEFF0069>>> BDC 
(\037)Tj
EMC 
(\016)Tj
/Span<</ActualText<FEFF0069>>> BDC 
(\037)Tj
EMC 
[(\032)70(\033)]TJ
/Span<</ActualText<FEFF006C>>> BDC 
(\027)Tj
EMC 
(\020)Tj
0 -1.2 TD
(\027\017\033\021\036)Tj
/Span<</ActualText<FEFF0069>>> BDC 
(\037)Tj
EMC 
(\036\016\020\033\036)Tj
/Span<</ActualText<FEFF0064>>> BDC 
(\r)Tj
EMC 
(\020\031\035\b\b)Tj
/Span<</ActualText<FEFF0075>>> BDC 
(\030)Tj
EMC 
(\036)Tj
/Span<</ActualText<FEFF0069>>> BDC 
(\037)Tj
EMC 
(\032\t\020)Tj
/Span<</ActualText<FEFF0056>>> BDC 
(\034)Tj
EMC 
(\035)Tj
/Span<</ActualText<FEFF006C0075>>> BDC 
(\027\030)Tj
EMC 
(\036\032\017\017\021)Tj
/Span<</ActualText<FEFF0073>>> BDC 
(\024)Tj
EMC 
0 0 0  scn
/GS1 gs
/T1_4 1 Tf
0 -1.56 TD
(\255\204\032\031\200\020\r\227\032)Tj
/T1_0 1 Tf
(\235\t\013\202\t\023\006\026)Tj
/Span<</ActualText<FEFF0053>>> BDC 
(\032)Tj
EMC 
(\020\t\023\020\017\202\002\016\020\263\026)Tj
/T1_4 1 Tf
(\247\023\f\023\b\204\r\023\032\206\017\021\233\245\017\023\007\227)Tj
/T1_0 1 Tf
(\026)Tj
/Span<</ActualText<FEFF0045>>> BDC 
(\033)Tj
EMC 
(\022\017\007\020\t\013\n\002\007\026\216\017\016\013\021\t\007\017\016\263\\026)Tj
/T1_4 1 Tf
0 -1.35 TD
[(\031)30(\023\202\020\b\017\r\032\247\r\204\201\200\f\227)]TJ
/T1_0 1 Tf
(\026)Tj
/Span<</ActualText<FEFF004C>>> BDC 
(\030)Tj
EMC 
(\013\007\023\022\026\247\002\016\020\013\t\004\026)Tj
/Span<</ActualText<FEFF004C>>> BDC 
(\030)Tj
EMC 
(\002\005\t\023\t\002\023\n\263\026\216\002\007\r\006\013\n\240\026\247\002\\022\022\026\235)Tj
/Span<</ActualText<FEFF004C>>> BDC 
(\030)Tj
EMC 
(\263\026)Tj
0.503 0.51 0.52  scn
/GS0 gs
/T1_1 1 Tf
/Span<</ActualText<FEFF0041>>> BDC 
0 -1.762 TD
(\033)Tj
EMC 
(\020)Tj
/Span<</ActualText<FEFF0048>>> BDC 
(\013)Tj
EMC 
(\017\033)Tj
/Span<</ActualText<FEFF006C>>> BDC 
(\027)Tj
EMC 
3.519 0 Td
(\032\013\020\022\033)Tj
/Span<</ActualText<FEFF0069>>> BDC 
(\037)Tj
EMC 
(\021\217\020)Tj
/Span<</ActualText<FEFF0045>>> BDC 
(\017)Tj
EMC 
(\036\016\033\016)Tj
/Span<</ActualText<FEFF0069>>> BDC 
(\037)Tj
EMC 
(\036\016\020)Tj
/Span<</ActualText<FEFF0059>>> BDC 
(\t)Tj
EMC 
(\035)Tj
/Span<</ActualText<FEFF0075>>> BDC 
(\030)Tj
EMC 
(\021\020)Tj
/Span<</ActualText<FEFF004D0069>>> BDC 
(\b\037)Tj
EMC 
(\036)Tj
/Span<</ActualText<FEFF0064>>> BDC 
(\r)Tj
EMC 
(\020)Tj
-3.519 -1.2 Td
(\026\035)Tj
/Span<</ActualText<FEFF0064>>> BDC 
(\r)Tj
EMC 
(\t\020\033\036)Tj
/Span<</ActualText<FEFF0064>>> BDC 
(\r)Tj
EMC 
(\020\024\035)Tj
/Span<</ActualText<FEFF0075006C>>> BDC 
(\030\027)Tj
EMC 
[(\020\033)70(\032\020\032\013\017\020\027)]TJ
/Span<</ActualText<FEFF00690062>>> BDC 
(\037\026)Tj
EMC 
(\021\033\021\t)Tj
0 0 0  scn
/GS1 gs
/T1_4 1 Tf
0 -1.56 TD
(\035\017\023\r\032\217\204\b\017\f\227\032)Tj
/T1_0 1 Tf
(\247\017\023\022\020\r\026)Tj
/Span<</ActualText<FEFF004C>>> BDC 
(\030)Tj
EMC 
(\002\005\t\023\t\002\023\n\263\026)Tj
/T1_4 1 Tf
(\217\b\020\201\032\030\023\f\f\020\b\013\017\r\227)Tj
/T1_0 1 Tf
(\026\210\002\t\020\021\023\022\026)Tj
/Span<</ActualText<FEFF0053>>> BDC 
0 -1.2 TD
(\032)Tj
EMC 
(\017\t\205\002\007\017\016\026)Tj
/Span<</ActualText<FEFF0053>>> BDC 
(\032)Tj
EMC 
(\f\017\007\002\023\022\002\016\020\263\026\216\002\007\r\006\013\n\240\026\\247\002\022\022\026\235)Tj
/Span<</ActualText<FEFF004C>>> BDC 
(\030)Tj
EMC 
0.503 0.51 0.52  scn
/GS0 gs
/T1_1 1 Tf
0 -1.762 TD
(\024\032)Tj
/Span<</ActualText<FEFF00750064>>> BDC 
(\030\r)Tj
EMC 
(\t\020)Tj
/Span<</ActualText<FEFF0048>>> BDC 
(\013)Tj
EMC 
(\033)Tj
/Span<</ActualText<FEFF006C006C>>> BDC 
(\027\027)Tj
EMC 
(\020\025\021\035\016\021\033\b)Tj
/Span<</ActualText<FEFF0073>>> BDC 
(\024)Tj
EMC 
(\217\020\027)Tj
/Span<</ActualText<FEFF00690062>>> BDC 
(\037\026)Tj
EMC 
(\021\033\021\t\020\033)Tj
/Span<</ActualText<FEFF0073>>> BDC 
(\024)Tj
EMC 
(\020)Tj
0 -1.2 TD
(\032\013\017\020)Tj
/Span<</ActualText<FEFF004F>>> BDC 
(\035)Tj
EMC 
(\032\013\017\021\020\027\017\033\021\036)Tj
/Span<</ActualText<FEFF0069>>> BDC 
(\037)Tj
EMC 
(\036\016\020\025)Tj
/Span<</ActualText<FEFF006C>>> BDC 
(\027)Tj
EMC 
(\033)Tj
/Span<</ActualText<FEFF0063>>> BDC 
(\031)Tj
EMC 
(\017)Tj
0 0 0  scn
/GS1 gs
/T1_4 1 Tf
0 -1.56 TD
(\033\017\013\020\202\023\b\223\032\247\023\023\r\023\201\200\227\032)Tj
/T1_0 1 Tf
/Span<</ActualText<FEFF004D>>> BDC 
(\027)Tj
EMC 
(\023\n\023\202\017\t\026\013\255\026)Tj
/Span<</ActualText<FEFF0041>>> BDC 
(\035)Tj
EMC 
(\240\021\022\020\026)Tj
/Span<</ActualText<FEFF0053>>> BDC 
(\032)Tj
EMC 
(\017\t\205\002\007\017\016\201\026\216\002\007\r\006\013\n\240\026\247\002\\022\022\026\235)Tj
/Span<</ActualText<FEFF004C>>> BDC 
(\030)Tj
EMC 
/T1_5 1 Tf
7.5 0 0 7.5 298.5 314.044 Tm
[(\037)9(\036)-13(\035)-24(\034)-17(\033)-15(\035)-18(\036)-13(\032)-19(\031\030\004)2(\026)-19(\021)-31(\033\030\003)-11(\036)-13(\032)-28(\032)-28(\024)-9(\007)-17(\036)-13(\035\020\030\023)-13(\026)-11(\025)-6(\024)-11(\b)-19(\021)-29(\036)-13(\035\030\002)-6(\005)]TJ
ET
1 1 1  scn
/GS0 gs
254.905 59.363 72 90 re
f
q
254.905 59.363 72 90 re
W n
q
73.9199982 0 0 91.9199982 253.8249664 58.5232239 cm
/Im0 Do
Q
Q
/CS0 CS 1 1 1  SCN
4 M 
254.905 59.363 72 90 re
S
BT
0 0 0  scn
/GS1 gs
/T1_0 1 Tf
/Span<</ActualText<FEFF004D>>> BDC 
7.5 0 0 7.5 254.905 48.0559 Tm
(\027)Tj
EMC 
(\036\243\036\026\224\244)Tj
/Span<</ActualText<FEFF0045>>> BDC 
(\033)Tj
EMC 
(\022\002\023\026)Tj
/T1_1 1 Tf
(\002\212\003\210)Tj
ET
1 1 1  scn
/GS0 gs
346.345 59.363 72 90 re
f
q
346.345 59.363 72 90 re
W n
q
72.9600067 0 0 90.9599915 346.3449707 58.4032288 cm
/Im1 Do
Q
Q
346.345 59.363 72 90 re
S
BT
0 0 0  scn
/GS1 gs
/T1_0 1 Tf
7.5 0 0 7.5 346.345 48.0559 Tm
(\216\013\005\002\n\026\250\017\t\202\023\t\020\026)Tj
/T1_1 1 Tf
(\002\212\003\210)Tj
ET
1 1 1  scn
/GS0 gs
164.905 59.363 72 90 re
f
q
164.905 59.363 72 90 re
W n
q
73.9199982 0 0 92.1600037 163.8699799 58.3811188 cm
/Im2 Do
Q
Q
164.905 59.363 72 90 re
S
BT
0 0 0  scn
/GS1 gs
/T1_0 1 Tf
/Span<</ActualText<FEFF0057>>> BDC 
7.5 0 0 7.5 164.905 48.0559 Tm
(\037)Tj
EMC 
0.804 0 Td
(\017\n\240\004\026\221\017\223\006\023\n\026)Tj
/T1_1 1 Tf
(\002\212\003\001)Tj
ET
1 1 1  scn
/GS0 gs
344.185 186.083 72 90 re
f
q
344.185 186.083 72 90 re
W n
q
74.1240082 0 0 91.871994 343.0185547 185.2120056 cm
/Im3 Do
Q
Q
344.185 186.083 72 90 re
S
BT
0 0 0  scn
/GS1 gs
/T1_0 1 Tf
7.5 0 0 7.5 344.1849 174.7759 Tm
(\246\017\n\026\247\023\004\007\013\007\026)Tj
/T1_1 1 Tf
(\002\212\003\001)Tj
/T1_0 1 Tf
-23.904 0 Td
(\216\013\016\017\006\023\t\004\026\246\023\205\023\n\023\202\r\026)Tj
/T1_1 1 Tf
0 -1.2 TD
(\002\212\003\203)Tj
ET
1 1 1  scn
/GS0 gs
164.905 186.083 72 90 re
f
q
164.905 186.083 72 90 re
W n
q
74.1600037 0 0 91.9199982 163.7049713 185.2832489 cm
/Im4 Do
Q
Q
164.905 186.083 72 90 re
S
BT
0 0 0  scn
/GS1 gs
/T1_0 1 Tf
/Span<</ActualText<FEFF004C>>> BDC 
7.5 0 0 7.5 253.7025 174.7759 Tm
(\030)Tj
EMC 
(\002\026)Tj
/Span<</ActualText<FEFF0043>>> BDC 
(\034)Tj
EMC 
(\r\017\n\026)Tj
/T1_1 1 Tf
(\002\212\003\203)Tj
ET
1 1 1  scn
/GS0 gs
253.702 186.083 72 90 re
f
q
253.703 186.083 72 89.92 re
W n
q
74.1600037 0 0 90.7200012 252.5024567 185.2832336 cm
/Im5 Do
Q
Q
253.702 186.083 72 90 re
S
q
0 0 585 765 re
W n
3 w 
q 1 0 0 1 479.762 296.7753 cm
0 0 m
-8.582 -56.622 0 -56.652 v
8.582 -56.683 18.508 -61.941 18.225 -67.137 c
17.942 -72.334 7.258 -77.18 0 -75.965 c
-7.258 -74.75 9.435 -137.236 0 -137.296 c
-15.898 -137.399 -16.016 -144.934 -15.538 -148.95 c
-14.818 -159.343 6.062 -150.401 0 -161.886 c
-2.703 -167.007 2.695 -220.25 0.959 -223.634 c
-0.778 -227.017 18.683 -220.008 19.033 -230.401 c
19.382 -240.794 9.662 -239.585 0 -238.002 c
-5.818 -240.552 -6.062 -302.314 0 -301.162 c
6.062 -300.009 18.302 -299.284 15.345 -309.677 c
