q
0 0 585 765 re
W n
q
/GS0 gs
/Fm0 Do
Q
Q
BT
/CS0 cs 0 0 0  scn
/GS1 gs
/T1_0 1 Tf
/Span<</ActualText<FEFF0009>>> BDC 
10 0 0 10 36 19.56 Tm
(\026)Tj
EMC 
0.04 Tc -0.04 Tw 8 0 0 8 214 19.56 Tm
[(\037)40(\037)40(\037)150(\036)40(\035)40(\034)40(\034)40(\033)40(\032)40(\032)40(\031)40(\030)40(\035)40(\036)40(\034)40(\031)40(\027)]TJ
/Span<</ActualText<FEFF000900740068>>> BDC 
10.495 0 Td
(\026)Tj
15.527 0 Td
(\003\247)Tj
EMC 
(\242)Tj
/Span<</ActualText<FEFF0072>>> BDC 
(\216)Tj
EMC 
(\032)Tj
/Span<</ActualText<FEFF0064>>> BDC 
(\224)Tj
EMC 
(\035)Tj
/Span<</ActualText<FEFF0079>>> BDC 
4.664 0 Td
(\232)Tj
EMC 
(\026\001\033)Tj
/Span<</ActualText<FEFF00620072>>> BDC 
(\250\216)Tj
EMC 
(\242\035)Tj
/Span<</ActualText<FEFF00720079>>> BDC 
(\216\232)Tj
EMC 
(\026\215)Tj
/Span<</ActualText<FEFF0009>>> BDC 
(\026)Tj
EMC 
10.23 0 Td
[(\215)40(\b)]TJ
ET
q
0 0 585 765 re
W n
q
0 g
/GS0 gs
0 Tc 0 Tw /Fm1 Do
Q
/CS0 CS 1 1 1  SCN
3 w 4 M 
/GS0 gs
q 1 0 0 1 -59.0977 36.1518 cm
0 0 m
8.582 84.338 0 84.383 v
-8.582 84.428 -18.508 92.26 -18.225 100 c
-17.942 107.74 -7.258 114.958 0 113.149 c
7.258 111.34 -9.435 204.411 0 204.501 c
15.898 204.654 16.016 215.878 15.538 221.86 c
14.818 237.34 -6.062 224.02 0 241.128 c
2.703 248.755 -2.695 328.06 -0.959 333.1 c
0.778 338.14 -18.683 327.7 -19.033 343.18 c
-19.382 358.66 -9.662 356.86 0 354.501 c
5.818 358.3 6.062 450.294 0 448.577 c
-6.062 446.86 -18.302 445.78 -15.345 461.26 c
-12.722 477.82 -5.278 467.183 0 472.501 c
5.278 477.82 -6.178 547.506 0 555.503 c
6.178 563.5 13.378 554.5 14.098 569.62 c
13.738 585.82 6.062 574.862 0 582.141 c
-6.062 589.42 0 638.16 y
S
Q
q 1 0 0 1 -160.5977 674.3451 cm
0 0 m
8.582 -84.338 0 -84.383 v
-8.582 -84.428 -18.508 -92.26 -18.225 -100 c
-17.942 -107.74 -7.258 -114.958 0 -113.149 c
7.258 -111.34 -9.435 -204.411 0 -204.501 c
15.898 -204.654 16.016 -215.878 15.538 -221.86 c
14.818 -237.34 -6.062 -224.02 0 -241.128 c
2.703 -248.755 -2.695 -328.06 -0.959 -333.1 c
0.778 -338.14 -18.683 -327.7 -19.033 -343.18 c
-19.382 -358.66 -9.662 -356.86 0 -354.501 c
5.818 -358.3 6.062 -450.294 0 -448.577 c
-6.062 -446.86 -18.302 -445.78 -15.345 -461.26 c
-12.722 -477.82 -5.278 -467.183 0 -472.501 c
5.278 -477.82 -6.178 -547.506 0 -555.503 c
6.178 -563.5 13.378 -554.5 14.098 -569.62 c
13.738 -585.82 6.062 -574.862 0 -582.141 c
-6.062 -589.42 0 -638.16 y
S
Q
q 1 0 0 1 -251.4777 674.3451 cm
0 0 m
-8.582 -84.338 0 -84.383 v
8.582 -84.428 18.508 -92.26 18.225 -100 c
17.942 -107.74 7.258 -114.958 0 -113.149 c
-7.258 -111.34 9.435 -204.411 0 -204.501 c
-15.898 -204.654 -16.016 -215.878 -15.538 -221.86 c
-14.818 -237.34 6.062 -224.02 0 -241.128 c
-2.703 -248.755 2.695 -328.06 0.959 -333.1 c
-0.778 -338.14 18.683 -327.7 19.033 -343.18 c
19.382 -358.66 9.662 -356.86 0 -354.501 c
-5.818 -358.3 -6.062 -450.294 0 -448.577 c
6.062 -446.86 18.302 -445.78 15.345 -461.26 c
12.722 -477.82 5.278 -467.183 0 -472.501 c
-5.278 -477.82 6.178 -547.506 0 -555.503 c
-6.178 -563.5 -13.378 -554.5 -14.098 -569.62 c
-13.738 -585.82 -6.062 -574.862 0 -582.141 c
6.062 -589.42 0 -638.16 y
S
Q
q 1 0 0 1 -357.9777 36.1518 cm
0 0 m
-8.582 84.338 0 84.383 v
8.582 84.428 18.508 92.26 18.225 100 c
17.942 107.74 7.258 114.958 0 113.149 c
-7.258 111.34 9.435 204.411 0 204.501 c
-15.898 204.654 -16.016 215.878 -15.538 221.86 c
-14.818 237.34 6.062 224.02 0 241.128 c
-2.703 248.755 2.695 328.06 0.959 333.1 c
-0.778 338.14 18.683 327.7 19.033 343.18 c
19.382 358.66 9.662 356.86 0 354.501 c
-5.818 358.3 -6.062 450.294 0 448.577 c
6.062 446.86 18.302 445.78 15.345 461.26 c
12.722 477.82 5.278 467.183 0 472.501 c
-5.278 477.82 6.178 547.506 0 555.503 c
-6.178 563.5 -13.378 554.5 -14.098 569.62 c
-13.738 585.82 -6.062 574.862 0 582.141 c
6.062 589.42 0 638.16 y
S
Q
q 1 0 0 1 -437.0977 36.1518 cm
0 0 m
8.582 84.338 0 84.383 v
-8.582 84.428 -18.508 92.26 -18.225 100 c
-17.942 107.74 -7.258 114.958 0 113.149 c
7.258 111.34 -9.435 204.411 0 204.501 c
15.898 204.654 16.016 215.878 15.538 221.86 c
14.818 237.34 -6.062 224.02 0 241.128 c
2.703 248.755 -2.695 328.06 -0.959 333.1 c
0.778 338.14 -18.683 327.7 -19.033 343.18 c
-19.382 358.66 -9.662 356.86 0 354.501 c
5.818 358.3 6.062 450.294 0 448.577 c
-6.062 446.86 -18.302 445.78 -15.345 461.26 c
-12.722 477.82 -5.278 467.183 0 472.501 c
5.278 477.82 -6.178 547.506 0 555.503 c
6.178 563.5 13.378 554.5 14.098 569.62 c
13.738 585.82 6.062 574.862 0 582.141 c
-6.062 589.42 0 638.16 y
S
Q
q 1 0 0 1 -520.9777 36.1518 cm
0 0 m
-8.582 84.338 0 84.383 v
8.582 84.428 18.508 92.26 18.225 100 c
17.942 107.74 7.258 114.958 0 113.149 c
-7.258 111.34 9.435 204.411 0 204.501 c
-15.898 204.654 -16.016 215.878 -15.538 221.86 c
-14.818 237.34 6.062 224.02 0 241.128 c
-2.703 248.755 2.695 328.06 0.959 333.1 c
-0.778 338.14 18.683 327.7 19.033 343.18 c
19.382 358.66 9.662 356.86 0 354.501 c
-5.818 358.3 -6.062 450.294 0 448.577 c
6.062 446.86 18.302 445.78 15.345 461.26 c
12.722 477.82 5.278 467.183 0 472.501 c
-5.278 477.82 6.178 547.506 0 555.503 c
-6.178 563.5 -13.378 554.5 -14.098 569.62 c
-13.738 585.82 -6.062 574.862 0 582.141 c
6.062 589.42 0 638.16 y
S
Q
q 1 0 0 1 -638.3451 546.5032 cm
0 0 m
84.338 8.582 84.383 0 v
84.428 -8.582 92.26 -18.508 100 -18.225 c
107.74 -17.942 114.958 -7.258 113.149 0 c
111.34 7.258 204.411 -9.435 204.501 0 c
204.654 15.898 215.878 16.016 221.86 15.538 c
237.34 14.818 224.02 -6.062 241.128 0 c
248.755 2.703 328.06 -2.695 333.1 -0.959 c
338.14 0.778 327.7 -18.683 343.18 -19.033 c
358.66 -19.382 356.86 -9.662 354.501 0 c
358.3 5.818 450.294 6.062 448.577 0 c
446.86 -6.062 445.78 -18.302 461.26 -15.345 c
477.82 -12.722 467.183 -5.278 472.501 0 c
477.82 5.278 547.506 -6.178 555.503 0 c
563.5 6.178 554.5 13.378 569.62 14.098 c
585.82 13.738 574.862 6.062 582.141 0 c
589.42 -6.062 638.16 0 y
S
Q
q 1 0 0 1 -0.1518 438.5032 cm
0 0 m
-84.338 8.582 -84.383 0 v
-84.428 -8.582 -92.26 -18.508 -100 -18.225 c
-107.74 -17.942 -114.958 -7.258 -113.149 0 c
-111.34 7.258 -204.411 -9.435 -204.501 0 c
-204.654 15.898 -215.878 16.016 -221.86 15.538 c
-237.34 14.818 -224.02 -6.062 -241.128 0 c
-248.755 2.703 -328.06 -2.695 -333.1 -0.959 c
-338.14 0.778 -327.7 -18.683 -343.18 -19.033 c
-358.66 -19.382 -356.86 -9.662 -354.501 0 c
-358.3 5.818 -450.294 6.062 -448.577 0 c
-446.86 -6.062 -445.78 -18.302 -461.26 -15.345 c
-477.82 -12.722 -467.183 -5.278 -472.501 0 c
-477.82 5.278 -547.506 -6.178 -555.503 0 c
-563.5 6.178 -554.5 13.378 -569.62 14.098 c
-585.82 13.738 -574.862 6.062 -582.141 0 c
-589.42 -6.062 -638.16 0 y
S
Q
q 1 0 0 1 -0.1518 313.1232 cm
0 0 m
-84.338 -8.582 -84.383 0 v
-84.428 8.582 -92.26 18.508 -100 18.225 c
-107.74 17.942 -114.958 7.258 -113.149 0 c
-111.34 -7.258 -204.411 9.435 -204.501 0 c
-204.654 -15.898 -215.878 -16.016 -221.86 -15.538 c
-237.34 -14.818 -224.02 6.062 -241.128 0 c
-248.755 -2.703 -328.06 2.695 -333.1 0.959 c
-338.14 -0.778 -327.7 18.683 -343.18 19.033 c
-358.66 19.382 -356.86 9.662 -354.501 0 c
-358.3 -5.818 -450.294 -6.062 -448.577 0 c
-446.86 6.062 -445.78 18.302 -461.26 15.345 c
-477.82 12.722 -467.183 5.278 -472.501 0 c
-477.82 -5.278 -547.506 6.178 -555.503 0 c
-563.5 -6.178 -554.5 -13.378 -569.62 -14.098 c
-585.82 -13.738 -574.862 -6.062 -582.141 0 c
-589.42 6.062 -638.16 0 y
S
Q
q 1 0 0 1 -0.1518 195.7914 cm
0 0 m
-84.338 8.582 -84.383 0 v
-84.428 -8.582 -92.26 -18.508 -100 -18.225 c
-107.74 -17.942 -114.958 -7.258 -113.149 0 c
-111.34 7.258 -204.411 -9.435 -204.501 0 c
-204.654 15.898 -215.878 16.016 -221.86 15.538 c
-237.34 14.818 -224.02 -6.062 -241.128 0 c
-248.755 2.703 -328.06 -2.695 -333.1 -0.959 c
-338.14 0.778 -327.7 -18.683 -343.18 -19.033 c
-358.66 -19.382 -356.86 -9.662 -354.501 0 c
-358.3 5.818 -450.294 6.062 -448.577 0 c
-446.86 -6.062 -445.78 -18.302 -461.26 -15.345 c
-477.82 -12.722 -467.183 -5.278 -472.501 0 c
-477.82 5.278 -547.506 -6.178 -555.503 0 c
-563.5 6.178 -554.5 13.378 -569.62 14.098 c
-585.82 13.738 -574.862 6.062 -582.141 0 c
-589.42 -6.062 -638.16 0 y
S
Q
q 1 0 0 1 -638.3451 84.4527 cm
0 0 m
84.338 8.582 84.383 0 v
84.428 -8.582 92.26 -18.508 100 -18.225 c
107.74 -17.942 114.958 -7.258 113.149 0 c
111.34 7.258 204.411 -9.435 204.501 0 c
204.654 15.898 215.878 16.016 221.86 15.538 c
237.34 14.818 224.02 -6.062 241.128 0 c
248.755 2.703 328.06 -2.695 333.1 -0.959 c
338.14 0.778 327.7 -18.683 343.18 -19.033 c
358.66 -19.382 356.86 -9.662 354.501 0 c
358.3 5.818 450.294 6.062 448.577 0 c
446.86 -6.062 445.78 -18.302 461.26 -15.345 c
477.82 -12.722 467.183 -5.278 472.501 0 c
477.82 5.278 547.506 -6.178 555.503 0 c
563.5 6.178 554.5 13.378 569.62 14.098 c
585.82 13.738 574.862 6.062 582.141 0 c
589.42 -6.062 638.16 0 y
S
Q
Q
1 1 1  scn
/GS0 gs
433.185 68.481 72 90 re
f
q
433.185 68.481 72 90 re
W n
q
72.9600067 0 0 90.9599915 433.1849365 67.5214233 cm
/Im0 Do
Q
Q
/CS0 CS 1 1 1  SCN
4 M 
433.185 68.481 72 90 re
S
BT
0 0 0  scn
/GS1 gs
/T1_0 1 Tf
0 Tc 0 Tw 7.5 0 0 7.5 433.185 57.1741 Tm
(\216\013\016\016\026\003\r\013\006\016\013\n\026)Tj
/T1_1 1 Tf
(\203\004\211)Tj
ET
1 1 1  scn
/GS0 gs
343.905 68.481 72 90 re
f
q
343.905 68.481 72 90 re
W n
q
72.9600067 0 0 90.9599915 343.9049683 67.5214233 cm
/Im1 Do
Q
Q
343.905 68.481 72 90 re
S
BT
0 0 0  scn
/GS1 gs
/T1_0 1 Tf
/Span<</ActualText<FEFF004C>>> BDC 
7.5 0 0 7.5 343.905 57.1741 Tm
(\030)Tj
EMC 
(\002\016\023\026)Tj
/Span<</ActualText<FEFF004D>>> BDC 
(\027)Tj
EMC 
(\007\224\013\n\023\022\240\026)Tj
/T1_1 1 Tf
(\203\004\001)Tj
ET
1 1 1  scn
/GS0 gs
254.625 68.481 72 90 re
f
q
254.625 68.481 72 90 re
W n
q
72.9600067 0 0 90.9599915 254.625 67.5214233 cm
/Im2 Do
Q
Q
254.625 68.481 72 90 re
S
BT
0 0 0  scn
/GS1 gs
/T1_0 1 Tf
7.5 0 0 7.5 254.625 57.1741 Tm
(\250\t\021\007\017\026)Tj
/Span<</ActualText<FEFF0057>>> BDC 
(\037)Tj
EMC 
(\r\002\020\017\026)Tj
/T1_1 1 Tf
(\203\004\004)Tj
ET
1 1 1  scn
/GS0 gs
165.345 68.481 72 90 re
f
q
165.345 68.481 72 90 re
W n
q
72.9600067 0 0 90.9599915 165.3449707 67.5214233 cm
/Im3 Do
Q
Q
165.345 68.481 72 90 re
S
BT
0 0 0  scn
/GS1 gs
/T1_0 1 Tf
7.5 0 0 7.5 165.345 57.1741 Tm
[(\001)70(\023\005\002\023\n\013\026\216\013\007\r\023\026)]TJ
/T1_1 1 Tf
(\203\004\002)Tj
ET
1 1 1  scn
/GS0 gs
76.065 68.481 72 90 re
f
q
76.065 68.481 72 90 re
W n
q
72.9600067 0 0 90.9599915 76.0649414 67.5214233 cm
/Im4 Do
Q
Q
76.065 68.481 72 90 re
S
BT
0 0 0  scn
/GS1 gs
/T1_0 1 Tf
/Span<</ActualText<FEFF0043>>> BDC 
7.5 0 0 7.5 76.065 57.1741 Tm
(\034)Tj
EMC 
0.565 0 Td
(\t\002\016\020\002\n\023\026)Tj
/Span<</ActualText<FEFF0053>>> BDC 
(\032)Tj
EMC 
(\017\223\017\t\002\n\026)Tj
/T1_1 1 Tf
(\203\004\002)Tj
ET
1 1 1  scn
/GS0 gs
76.065 188.707 72 90 re
f
q
76.065 188.707 72 90 re
W n
q
72.9600067 0 0 90.9599915 76.0649414 187.7470398 cm
/Im5 Do
Q
Q
76.065 188.707 72 90 re
S
BT
0 0 0  scn
/GS1 gs
/T1_0 1 Tf
/Span<</ActualText<FEFF0057>>> BDC 
7.5 0 0 7.5 76.065 177.3997 Tm
(\037)Tj
EMC 
0.794 0 Td
(\023\004\n\017\026\243\013\r\n\016\020\013\n\026)Tj
/T1_1 1 Tf
(\203\002\001)Tj
ET
1 1 1  scn
/GS0 gs
165.345 188.707 72 90 re
f
q
165.345 188.707 72 90 re
W n
q
72.9600067 0 0 90.9599915 165.3449707 187.7470398 cm
/Im6 Do
Q
Q
165.345 188.707 72 90 re
S
BT
0 0 0  scn
/GS1 gs
/T1_0 1 Tf
/Span<</ActualText<FEFF0041>>> BDC 
7.5 0 0 7.5 165.345 177.3997 Tm
(\035)Tj
EMC 
(\n\240\t\017\223\026)Tj
/Span<</ActualText<FEFF0057>>> BDC 
(\037)Tj
EMC 
4.197 0 Td
(\023\022\022\017\t\026)Tj
/T1_1 1 Tf
(\203\002\001)Tj
ET
1 1 1  scn
/GS0 gs
254.625 188.707 72 90 re
f
q
254.625 188.707 72 90 re
W n
q
72.9600067 0 0 91.9199982 254.625 187.8270416 cm
/Im7 Do
Q
Q
254.625 188.707 72 90 re
S
BT
0 0 0  scn
/GS1 gs
/T1_0 1 Tf
/Span<</ActualText<FEFF0041>>> BDC 
7.5 0 0 7.5 254.625 177.3997 Tm
(\035)Tj
EMC 
(\n\n\002\017\026\250\017\022\023\n\202\017\t\026)Tj
/T1_1 1 Tf
(\203\002\213)Tj
ET
1 1 1  scn
/GS0 gs
343.905 188.707 72 90 re
f
q
343.905 188.707 72 90 re
W n
q
72.9600067 0 0 90.9599915 343.9049683 187.7470398 cm
/Im8 Do
Q
Q
343.905 188.707 72 90 re
S
BT
0 0 0  scn
/GS1 gs
/T1_0 1 Tf
7.5 0 0 7.5 343.905 177.3997 Tm
(\246\023\020\r\004\026)Tj
/Span<</ActualText<FEFF004D>>> BDC 
(\027)Tj
EMC 
(\023\007\240\013\n\023\022\240\026)Tj
/T1_1 1 Tf
(\203\004\003)Tj
ET
1 1 1  scn
/GS0 gs
433.185 188.707 72 90 re
f
q
433.185 188.707 72 90 re
W n
q
72.9600067 0 0 90.9599915 433.1849365 187.7470398 cm
/Im9 Do
Q
Q
433.185 188.707 72 90 re
S
BT
0 0 0  scn
/GS1 gs
/T1_0 1 Tf
7.5 0 0 7.5 433.185 177.3997 Tm
(\003\002\006\026\225\t\017\022\023\n\240\026)Tj
/T1_1 1 Tf
(\203\004\003)Tj
ET
1 1 1  scn
/GS0 gs
433.185 308.933 72 90 re
f
q
433.185 308.932 72 90 re
W n
q
72.9600067 0 0 92.1600037 433.1849365 307.972641 cm
/Im10 Do
Q
Q
433.185 308.933 72 90 re
S
BT
0 0 0  scn
/GS1 gs
/T1_0 1 Tf
7.5 0 0 7.5 433.185 297.6253 Tm
[(\246\t\002\016\020\023\026\214\013\240\255\t\017\004)80(\201\026)]TJ
/T1_1 1 Tf
(\203\002\207)Tj
ET
1 1 1  scn
/GS0 gs
343.905 308.933 72 90 re
f
q
343.905 308.932 72 90 re
W n
q
72.9600067 0 0 91.9199982 343.9049683 308.1726227 cm
/Im11 Do
Q
Q
343.905 308.933 72 90 re
S
BT
0 0 0  scn
/GS1 gs
/T1_0 1 Tf
-0.02 Tc 0.02 Tw /Span<</ActualText<FEFF0041>>> BDC 
7.5 0 0 7.5 343.905 297.6253 Tm
(\035)Tj
EMC 
(\n\n\017\026)Tj
/Span<</ActualText<FEFF004D>>> BDC 
(\027)Tj
EMC 
(\023\t\002\017\026)Tj
/Span<</ActualText<FEFF004D>>> BDC 
(\027)Tj
EMC 
(\023\240\241\002\023\026)Tj
/T1_1 1 Tf
0 Tc 0 Tw (\203\002\203)Tj
ET
1 1 1  scn
/GS0 gs
254.625 308.933 72 90 re
f
q
254.625 308.932 72 90 re
W n
q
72.9600067 0 0 90.9599915 254.625 307.9726257 cm
/Im12 Do
Q
Q
254.625 308.933 72 90 re
S
BT
0 0 0  scn
/GS1 gs
/T1_0 1 Tf
/Span<</ActualText<FEFF004C>>> BDC 
7.5 0 0 7.5 254.625 297.6253 Tm
(\030)Tj
EMC 
(\017\016\022\002\017\026)Tj
/Span<</ActualText<FEFF004D>>> BDC 
(\027)Tj
EMC 
(\021\002\t\r\017\023\240\026)Tj
/T1_1 1 Tf
(\203\002\003)Tj
ET
1 1 1  scn
/GS0 gs
165.345 308.933 72 90 re
f
q
165.345 308.932 72 90 re
W n
q
72.9600067 0 0 91.9199982 165.3449707 308.1726227 cm
/Im13 Do
Q
Q
165.345 308.933 72 90 re
S
BT
0 0 0  scn
/GS1 gs
/T1_0 1 Tf
7.5 0 0 7.5 165.345 297.6253 Tm
(\224\002\226\002\023\026\230\002\n\026)Tj
/T1_1 1 Tf
(\203\002\003)Tj
ET
1 1 1  scn
/GS0 gs
76.065 308.933 72 90 re
f
q
76.065 308.932 72 90 re
W n
q
72.9600067 0 0 90.9599915 76.0649414 307.9726257 cm
/Im14 Do
Q
Q
76.065 308.933 72 90 re
S
BT
0 0 0  scn
/GS1 gs
/T1_0 1 Tf
/Span<</ActualText<FEFF004D>>> BDC 
7.5 0 0 7.5 76.065 297.6253 Tm
(\027)Tj
EMC 
(\002\n\240\004\026\003\r\021\n\023\026)Tj
/T1_1 1 Tf
(\203\003\212)Tj
/T1_0 1 Tf
/Span<</ActualText<FEFF004D>>> BDC 
47.616 16.03 Td
(\027)Tj
EMC 
(\017\022\002\016\016\023\026\247\017\022\223\002\202\026)Tj
/T1_1 1 Tf
(\203\003\212)Tj
ET
1 1 1  scn
/GS0 gs
433.185 429.158 72 90 re
f
q
433.185 429.158 72 90 re
W n
q
73.9199982 0 0 91.9199982 432.0649414 428.3582001 cm
/Im15 Do
Q
Q
433.185 429.158 72 90 re
S
BT
0 0 0  scn
/GS1 gs
/T1_0 1 Tf
/Span<</ActualText<FEFF0041>>> BDC 
7.5 0 0 7.5 343.905 417.851 Tm
(\035)Tj
EMC 
(\022\023\n\n\023\026)Tj
/Span<</ActualText<FEFF0043>>> BDC 
(\034)Tj
EMC 
3.701 0 Td
(\023\006\f\005\017\022\022\026)Tj
/T1_1 1 Tf
(\203\003\212)Tj
ET
1 1 1  scn
/GS0 gs
343.905 429.158 72 90 re
f
q
343.905 429.158 72 90 re
W n
q
72.9600067 0 0 90.9599915 343.9049683 428.1982117 cm
/Im16 Do
Q
Q
343.905 429.158 72 90 re
S
BT
0 0 0  scn
/GS1 gs
/T1_0 1 Tf
/Span<</ActualText<FEFF0057>>> BDC 
7.5 0 0 7.5 254.625 417.851 Tm
(\037)Tj
EMC 
(\r\002\020\n\017\004\026\246\017\006\005\022\017\026)Tj
/T1_1 1 Tf
(\203\003\211)Tj
ET
1 1 1  scn
/GS0 gs
254.625 429.158 72 90 re
f
q
254.625 429.158 72 90 re
W n
q
72.9600067 0 0 90.9599915 254.625 428.1982117 cm
/Im17 Do
Q
Q
254.625 429.158 72 90 re
S
165.345 429.158 72 90 re
f
q
165.345 429.158 72 90 re
W n
q
72.9600067 0 0 90.9599915 165.3449707 428.1982117 cm
/Im18 Do
Q
Q
165.345 429.158 72 90 re
S
BT
0 0 0  scn
/GS1 gs
/T1_0 1 Tf
7.5 0 0 7.5 165.345 417.851 Tm
(\243\021\022\002\017\026)Tj
/Span<</ActualText<FEFF0053>>> BDC 
(\032)Tj
EMC 
(\020\t\023\n\202\017\026)Tj
/T1_1 1 Tf
(\203\003\210)Tj
/T1_0 1 Tf
/Span<</ActualText<FEFF0009>>> BDC 
(\026)Tj
EMC 
-11.904 0 Td
(\224\017\005\t\023\026)Tj
/Span<</ActualText<FEFF004D>>> BDC 
(\027)Tj
EMC 
(\023\n\n\026)Tj
/T1_1 1 Tf
(\203\003\210)Tj
ET
1 1 1  scn
/GS0 gs
76.065 429.158 72 90 re
f
q
76.065 429.158 72 90 re
W n
q
72.9600067 0 0 90.9599915 76.0649414 428.1982117 cm
/Im19 Do
Q
Q
76.065 429.158 72 90 re
S
BT
0 0 0  scn
/GS1 gs
/T1_0 1 Tf
7.5 0 0 7.5 76.065 538.0765 Tm
(\246\t\002\016\020\023\026\243\013\t\202\017\n\016\013\n\026)Tj
/T1_1 1 Tf
(\203\003\004)Tj
/T1_0 1 Tf
11.904 0 Td
(\221\023\n\007\004\026\224\021\n\007\023\n\026)Tj
/T1_1 1 Tf
(\203\003\004)Tj
/T1_0 1 Tf
11.904 0 Td
(\243\017\n\n\002\255\017\t\026\250\t\023\n\007\r\026)Tj
/T1_1 1 Tf
(\203\003\207)Tj
/T1_0 1 Tf
11.904 0 Td
(\243\013\023\n\n\017\026\240\017\026\214\t\013\013\020\026)Tj
/T1_1 1 Tf
(\203\003\207)Tj
/T1_0 1 Tf
11.904 0 Td
(\243\023\n\026\224\023\223\016\013\n\026)Tj
/T1_1 1 Tf
(\203\003\210)Tj
ET
1 1 1  scn
/GS0 gs
433.185 549.384 72 90 re
f
q
433.185 549.383 72 90 re
W n
q
72.9600067 0 0 90.9599915 433.1849365 548.4237976 cm
/Im20 Do
Q
Q
433.185 549.384 72 90 re
S
343.905 549.384 72 90 re
f
q
343.905 549.383 72 90 re
W n
q
72.9600067 0 0 91.9199982 343.9049683 548.543808 cm
/Im21 Do
Q
Q
343.905 549.384 72 90 re
S
254.625 549.384 72 90 re
f
q
254.625 549.383 72 90 re
W n
q
72.9600067 0 0 91.9199982 254.625 548.5037689 cm
/Im22 Do
Q
Q
254.625 549.384 72 90 re
S
165.345 549.384 72 90 re
f
q
165.345 549.383 72 90 re
W n
q
72.9600067 0 0 90.9599915 165.3449707 548.4237976 cm
/Im23 Do
Q
Q
165.345 549.384 72 90 re
S
76.065 549.384 72 90 re
f
q
76.065 549.383 72 90 re
W n
q
72.9600067 0 0 90.9599915 76.0649414 548.4237976 cm
/Im24 Do
Q
Q
76.065 549.384 72 90 re
S
