q
0 0 585 765 re
W n
q
/GS0 gs
/Fm0 Do
Q
Q
/CS0 cs 1 1 1  scn
/GS0 gs
37.08 10.26 514.08 16.74 re
f
BT
0 0 0  scn
/GS1 gs
/T1_0 1 Tf
8 0 0 8 37.08 21.048 Tm
(\206\215)Tj
0.04 Tc -0.04 Tw /Span<</ActualText<FEFF000900740068>>> BDC 
[(\026)-3161(\003\247)]TJ
EMC 
(\242)Tj
/Span<</ActualText<FEFF0072>>> BDC 
(\216)Tj
EMC 
(\032)Tj
/Span<</ActualText<FEFF0064>>> BDC 
(\224)Tj
EMC 
(\035)Tj
/Span<</ActualText<FEFF0079>>> BDC 
9.039 0 Td
(\232)Tj
EMC 
(\026\001\033)Tj
/Span<</ActualText<FEFF00620072>>> BDC 
(\250\216)Tj
EMC 
(\242\035)Tj
/Span<</ActualText<FEFF00720079>>> BDC 
(\216\232)Tj
EMC 
(\026\215)Tj
/Span<</ActualText<FEFF0009004F004C0041>>> BDC 
(\026)Tj
19.517 0 Td
(\031\030\035)Tj
EMC 
(\026)Tj
/Span<</ActualText<FEFF0053>>> BDC 
(\032)Tj
EMC 
(\242)Tj
/Span<</ActualText<FEFF0070>>> BDC 
(\235)Tj
EMC 
(\033)Tj
/Span<</ActualText<FEFF0072>>> BDC 
(\216)Tj
EMC 
(\026)Tj
/Span<</ActualText<FEFF0043>>> BDC 
(\034)Tj
EMC 
(\031)Tj
/Span<</ActualText<FEFF006E0066>>> BDC 
(\221\001)Tj
EMC 
(\033)Tj
/Span<</ActualText<FEFF0072>>> BDC 
(\216)Tj
EMC 
(\033)Tj
/Span<</ActualText<FEFF006E>>> BDC 
(\221)Tj
EMC 
(\034\033\026\215\217\220\215)Tj
ET
q
0 0 585 765 re
W n
q
0 g
/GS0 gs
0 Tc 0 Tw /Fm1 Do
Q
/CS0 CS 1 1 1  SCN
3 w 4 M 
/GS0 gs
q 1 0 0 1 525.9023 36.1518 cm
0 0 m
8.582 84.338 0 84.383 v
-8.582 84.428 -18.508 92.26 -18.225 100 c
-17.942 107.74 -7.258 114.958 0 113.149 c
7.258 111.34 -9.435 204.411 0 204.501 c
15.898 204.654 16.016 215.878 15.538 221.86 c
14.818 237.34 -6.062 224.02 0 241.128 c
2.703 248.755 -2.695 328.06 -0.959 333.1 c
0.778 338.14 -18.683 327.7 -19.033 343.18 c
-19.382 358.66 -9.662 356.86 0 354.501 c
5.818 358.3 6.062 450.294 0 448.577 c
-6.062 446.86 -18.302 445.78 -15.345 461.26 c
-12.722 477.82 -5.278 467.183 0 472.501 c
5.278 477.82 -6.178 547.506 0 555.503 c
6.178 563.5 13.378 554.5 14.098 569.62 c
13.738 585.82 6.062 574.862 0 582.141 c
-6.062 589.42 0 638.16 y
S
Q
q 1 0 0 1 424.4023 674.3451 cm
0 0 m
8.582 -84.338 0 -84.383 v
-8.582 -84.428 -18.508 -92.26 -18.225 -100 c
-17.942 -107.74 -7.258 -114.958 0 -113.149 c
7.258 -111.34 -9.435 -204.411 0 -204.501 c
15.898 -204.654 16.016 -215.878 15.538 -221.86 c
14.818 -237.34 -6.062 -224.02 0 -241.128 c
2.703 -248.755 -2.695 -328.06 -0.959 -333.1 c
0.778 -338.14 -18.683 -327.7 -19.033 -343.18 c
-19.382 -358.66 -9.662 -356.86 0 -354.501 c
5.818 -358.3 6.062 -450.294 0 -448.577 c
-6.062 -446.86 -18.302 -445.78 -15.345 -461.26 c
-12.722 -477.82 -5.278 -467.183 0 -472.501 c
5.278 -477.82 -6.178 -547.506 0 -555.503 c
6.178 -563.5 13.378 -554.5 14.098 -569.62 c
13.738 -585.82 6.062 -574.862 0 -582.141 c
-6.062 -589.42 0 -638.16 y
S
Q
q 1 0 0 1 333.5223 674.3451 cm
0 0 m
-8.582 -84.338 0 -84.383 v
8.582 -84.428 18.508 -92.26 18.225 -100 c
17.942 -107.74 7.258 -114.958 0 -113.149 c
-7.258 -111.34 9.435 -204.411 0 -204.501 c
-15.898 -204.654 -16.016 -215.878 -15.538 -221.86 c
-14.818 -237.34 6.062 -224.02 0 -241.128 c
-2.703 -248.755 2.695 -328.06 0.959 -333.1 c
-0.778 -338.14 18.683 -327.7 19.033 -343.18 c
19.382 -358.66 9.662 -356.86 0 -354.501 c
-5.818 -358.3 -6.062 -450.294 0 -448.577 c
6.062 -446.86 18.302 -445.78 15.345 -461.26 c
12.722 -477.82 5.278 -467.183 0 -472.501 c
-5.278 -477.82 6.178 -547.506 0 -555.503 c
-6.178 -563.5 -13.378 -554.5 -14.098 -569.62 c
-13.738 -585.82 -6.062 -574.862 0 -582.141 c
6.062 -589.42 0 -638.16 y
S
Q
q 1 0 0 1 227.0223 36.1518 cm
0 0 m
-8.582 84.338 0 84.383 v
8.582 84.428 18.508 92.26 18.225 100 c
17.942 107.74 7.258 114.958 0 113.149 c
-7.258 111.34 9.435 204.411 0 204.501 c
-15.898 204.654 -16.016 215.878 -15.538 221.86 c
-14.818 237.34 6.062 224.02 0 241.128 c
-2.703 248.755 2.695 328.06 0.959 333.1 c
-0.778 338.14 18.683 327.7 19.033 343.18 c
19.382 358.66 9.662 356.86 0 354.501 c
-5.818 358.3 -6.062 450.294 0 448.577 c
6.062 446.86 18.302 445.78 15.345 461.26 c
12.722 477.82 5.278 467.183 0 472.501 c
-5.278 477.82 6.178 547.506 0 555.503 c
-6.178 563.5 -13.378 554.5 -14.098 569.62 c
-13.738 585.82 -6.062 574.862 0 582.141 c
6.062 589.42 0 638.16 y
S
Q
q 1 0 0 1 147.9023 36.1518 cm
0 0 m
8.582 84.338 0 84.383 v
-8.582 84.428 -18.508 92.26 -18.225 100 c
-17.942 107.74 -7.258 114.958 0 113.149 c
7.258 111.34 -9.435 204.411 0 204.501 c
15.898 204.654 16.016 215.878 15.538 221.86 c
14.818 237.34 -6.062 224.02 0 241.128 c
2.703 248.755 -2.695 328.06 -0.959 333.1 c
0.778 338.14 -18.683 327.7 -19.033 343.18 c
-19.382 358.66 -9.662 356.86 0 354.501 c
5.818 358.3 6.062 450.294 0 448.577 c
-6.062 446.86 -18.302 445.78 -15.345 461.26 c
-12.722 477.82 -5.278 467.183 0 472.501 c
5.278 477.82 -6.178 547.506 0 555.503 c
6.178 563.5 13.378 554.5 14.098 569.62 c
13.738 585.82 6.062 574.862 0 582.141 c
-6.062 589.42 0 638.16 y
S
Q
q 1 0 0 1 64.0223 36.1518 cm
0 0 m
-8.582 84.338 0 84.383 v
8.582 84.428 18.508 92.26 18.225 100 c
17.942 107.74 7.258 114.958 0 113.149 c
-7.258 111.34 9.435 204.411 0 204.501 c
-15.898 204.654 -16.016 215.878 -15.538 221.86 c
-14.818 237.34 6.062 224.02 0 241.128 c
-2.703 248.755 2.695 328.06 0.959 333.1 c
-0.778 338.14 18.683 327.7 19.033 343.18 c
19.382 358.66 9.662 356.86 0 354.501 c
-5.818 358.3 -6.062 450.294 0 448.577 c
6.062 446.86 18.302 445.78 15.345 461.26 c
12.722 477.82 5.278 467.183 0 472.501 c
-5.278 477.82 6.178 547.506 0 555.503 c
-6.178 563.5 -13.378 554.5 -14.098 569.62 c
-13.738 585.82 -6.062 574.862 0 582.141 c
6.062 589.42 0 638.16 y
S
Q
q 1 0 0 1 -53.3451 546.5032 cm
0 0 m
84.338 8.582 84.383 0 v
84.428 -8.582 92.26 -18.508 100 -18.225 c
107.74 -17.942 114.958 -7.258 113.149 0 c
111.34 7.258 204.411 -9.435 204.501 0 c
204.654 15.898 215.878 16.016 221.86 15.538 c
237.34 14.818 224.02 -6.062 241.128 0 c
248.755 2.703 328.06 -2.695 333.1 -0.959 c
338.14 0.778 327.7 -18.683 343.18 -19.033 c
358.66 -19.382 356.86 -9.662 354.501 0 c
358.3 5.818 450.294 6.062 448.577 0 c
446.86 -6.062 445.78 -18.302 461.26 -15.345 c
477.82 -12.722 467.183 -5.278 472.501 0 c
477.82 5.278 547.506 -6.178 555.503 0 c
563.5 6.178 554.5 13.378 569.62 14.098 c
585.82 13.738 574.862 6.062 582.141 0 c
589.42 -6.062 638.16 0 y
S
Q
q 1 0 0 1 584.8481 438.5032 cm
0 0 m
-84.338 8.582 -84.383 0 v
-84.428 -8.582 -92.26 -18.508 -100 -18.225 c
-107.74 -17.942 -114.958 -7.258 -113.149 0 c
-111.34 7.258 -204.411 -9.435 -204.501 0 c
-204.654 15.898 -215.878 16.016 -221.86 15.538 c
-237.34 14.818 -224.02 -6.062 -241.128 0 c
-248.755 2.703 -328.06 -2.695 -333.1 -0.959 c
-338.14 0.778 -327.7 -18.683 -343.18 -19.033 c
-358.66 -19.382 -356.86 -9.662 -354.501 0 c
-358.3 5.818 -450.294 6.062 -448.577 0 c
-446.86 -6.062 -445.78 -18.302 -461.26 -15.345 c
-477.82 -12.722 -467.183 -5.278 -472.501 0 c
-477.82 5.278 -547.506 -6.178 -555.503 0 c
-563.5 6.178 -554.5 13.378 -569.62 14.098 c
-585.82 13.738 -574.862 6.062 -582.141 0 c
-589.42 -6.062 -638.16 0 y
S
Q
q 1 0 0 1 584.8481 313.1232 cm
0 0 m
-84.338 -8.582 -84.383 0 v
-84.428 8.582 -92.26 18.508 -100 18.225 c
-107.74 17.942 -114.958 7.258 -113.149 0 c
-111.34 -7.258 -204.411 9.435 -204.501 0 c
-204.654 -15.898 -215.878 -16.016 -221.86 -15.538 c
-237.34 -14.818 -224.02 6.062 -241.128 0 c
-248.755 -2.703 -328.06 2.695 -333.1 0.959 c
-338.14 -0.778 -327.7 18.683 -343.18 19.033 c
-358.66 19.382 -356.86 9.662 -354.501 0 c
-358.3 -5.818 -450.294 -6.062 -448.577 0 c
-446.86 6.062 -445.78 18.302 -461.26 15.345 c
-477.82 12.722 -467.183 5.278 -472.501 0 c
-477.82 -5.278 -547.506 6.178 -555.503 0 c
-563.5 -6.178 -554.5 -13.378 -569.62 -14.098 c
-585.82 -13.738 -574.862 -6.062 -582.141 0 c
-589.42 6.062 -638.16 0 y
S
Q
q 1 0 0 1 584.8481 195.7914 cm
0 0 m
-84.338 8.582 -84.383 0 v
-84.428 -8.582 -92.26 -18.508 -100 -18.225 c
-107.74 -17.942 -114.958 -7.258 -113.149 0 c
-111.34 7.258 -204.411 -9.435 -204.501 0 c
-204.654 15.898 -215.878 16.016 -221.86 15.538 c
-237.34 14.818 -224.02 -6.062 -241.128 0 c
-248.755 2.703 -328.06 -2.695 -333.1 -0.959 c
-338.14 0.778 -327.7 -18.683 -343.18 -19.033 c
-358.66 -19.382 -356.86 -9.662 -354.501 0 c
-358.3 5.818 -450.294 6.062 -448.577 0 c
-446.86 -6.062 -445.78 -18.302 -461.26 -15.345 c
-477.82 -12.722 -467.183 -5.278 -472.501 0 c
-477.82 5.278 -547.506 -6.178 -555.503 0 c
-563.5 6.178 -554.5 13.378 -569.62 14.098 c
-585.82 13.738 -574.862 6.062 -582.141 0 c
-589.42 -6.062 -638.16 0 y
S
Q
q 1 0 0 1 -53.3451 84.4527 cm
0 0 m
84.338 8.582 84.383 0 v
84.428 -8.582 92.26 -18.508 100 -18.225 c
107.74 -17.942 114.958 -7.258 113.149 0 c
111.34 7.258 204.411 -9.435 204.501 0 c
204.654 15.898 215.878 16.016 221.86 15.538 c
237.34 14.818 224.02 -6.062 241.128 0 c
248.755 2.703 328.06 -2.695 333.1 -0.959 c
338.14 0.778 327.7 -18.683 343.18 -19.033 c
358.66 -19.382 356.86 -9.662 354.501 0 c
358.3 5.818 450.294 6.062 448.577 0 c
446.86 -6.062 445.78 -18.302 461.26 -15.345 c
477.82 -12.722 467.183 -5.278 472.501 0 c
477.82 5.278 547.506 -6.178 555.503 0 c
563.5 6.178 554.5 13.378 569.62 14.098 c
585.82 13.738 574.862 6.062 582.141 0 c
589.42 -6.062 638.16 0 y
S
Q
Q
BT
/T1_1 1 Tf
0 Tc 0 Tw 14 0 0 14 36 647.284 Tm
(\207\002\002)Tj
ET
q
0 0 585 765 re
W n
BT
0.428 0.433 0.443  scn
/GS0 gs
/T1_2 1 Tf
9 0 0 9 56.8039 647.284 Tm
(\031)Tj
/Span<</ActualText<FEFF00690063>>> BDC 
6.3 0 0 6.3 98.6776 647.284 Tm
(\037\027)Tj
EMC 
(\032)Tj
/Span<</ActualText<FEFF0063>>> BDC 
(\027)Tj
EMC 
/Span<</ActualText<FEFF0020>>> BDC 
9 0 0 9 112.5563 647.284 Tm
(\031)Tj
EMC 
6.3 0 0 6.3 114.8063 647.284 Tm
(\036)Tj
/Span<</ActualText<FEFF0069>>> BDC 
(\037)Tj
EMC 
(\033\005\033\013\033)Tj
9 0 0 9 36 636.484 Tm
(\006\025\021\016\025)Tj
/Span<</ActualText<FEFF0020>>> BDC 
(\031)Tj
EMC 
6.3 0 0 6.3 61.3528 636.484 Tm
(\033)Tj
/Span<</ActualText<FEFF006D>>> BDC 
(\030)Tj
EMC 
ET
Q
BT
/T1_3 1 Tf
9 0 0 9 36 623.524 Tm
(\235\024\021\033\016\t\030\f\031\017\031\021\024\025\036\031\032\027\030\)Tj
0 -1.2 TD
[(\200)25(\024\021\021\031\016\027\033\024\032\030\f\031\017\031\021\024\025\036\031\\032\027)]TJ
/T1_1 1 Tf
0 -1.44 TD
(\025\035)Tj
/Span<</ActualText<FEFF006C00690063>>> BDC 
(\027\037\031)Tj
EMC 
(\t\020\033)Tj
/Span<</ActualText<FEFF0073>>> BDC 
(\024)Tj
EMC 
(\020\031\035\b\b)Tj
/Span<</ActualText<FEFF0069>>> BDC 
(\037)Tj
EMC 
(\032\b\017\036\032\020)Tj
/Span<</ActualText<FEFF0066>>> BDC 
0 -1.2 TD
(\022)Tj
EMC 
(\035\021\020\022)Tj
/Span<</ActualText<FEFF0069>>> BDC 
(\037)Tj
EMC 
(\021)Tj
/Span<</ActualText<FEFF0073>>> BDC 
(\024)Tj
EMC 
(\032\020)Tj
/Span<</ActualText<FEFF004E>>> BDC 
(\036)Tj
EMC 
[(\033)70(\032)]TJ
/Span<</ActualText<FEFF0069>>> BDC 
(\037)Tj
EMC 
(\035\036)Tj
/Span<</ActualText<FEFF0073>>> BDC 
(\024)Tj
EMC 
(\020)Tj
T*
(\031\035)Tj
/Span<</ActualText<FEFF006C006C>>> BDC 
(\027\027)Tj
EMC 
(\017)Tj
/Span<</ActualText<FEFF0063>>> BDC 
(\031)Tj
EMC 
(\032)Tj
/Span<</ActualText<FEFF0069>>> BDC 
(\037)Tj
EMC 
(\035\036)Tj
/Span<</ActualText<FEFF0073>>> BDC 
(\024)Tj
EMC 
(\020)Tj
T*
(\r\017\034\017)Tj
/Span<</ActualText<FEFF006C>>> BDC 
(\027)Tj
EMC 
(\035)Tj
/Span<</ActualText<FEFF0070>>> BDC 
(\025)Tj
EMC 
(\b\017\036\032)Tj
/T1_4 1 Tf
8 0 0 8 36 557.764 Tm
[(\240\017\r\023\021\001\032\255)40(\223\r\007\200\227\032)]TJ
/T1_0 1 Tf
/Span<</ActualText<FEFF0043>>> BDC 
(\034)Tj
EMC 
[(\r\023\002\t)80(\201\026)]TJ
/Span<</ActualText<FEFF0053>>> BDC 
(\032)Tj
EMC 
(\002\211\026\221\023\020\002\013\n\016\026)Tj
T*
(\235)Tj
/Span<</ActualText<FEFF004C>>> BDC 
(\030)Tj
EMC 
(\026\250\013\023\t\240\263\026)Tj
/T1_4 1 Tf
(\025\023\022\b\204\r\023\032\025\023\n\r\001\020\b\013\227)Tj
/T1_0 1 Tf
(\026)Tj
/Span<</ActualText<FEFF00430045004F>>> BDC 
T*
(\034\033\031)Tj
EMC 
(\201\026)Tj
/Span<</ActualText<FEFF0053>>> BDC 
(\032)Tj
EMC 
(\002\211\026\221\023\020\002\013\n\016\026\235)Tj
/Span<</ActualText<FEFF004C>>> BDC 
(\030)Tj
EMC 
/Span<</ActualText<FEFF0041>>> BDC 
9 0 0 9 36 527.764 Tm
(\035)Tj
EMC 
0.609 0 Td
[(\005)-14(\013)-5(\t)-12(\002\202)-3(\002)4(\n)-2(\023)-1(\022\026\f)-14(\013)-5(\f)-8(\021\022)-2(\023)-3(\020)-4(\002)-3(\013)-5(\n)2(\016\026\023)2(\t)-2(\017\026\023\026)]TJ
-0.609 -1.2 Td
[(\254)-3(\021)1(\002)-3(\007)-8()-10(\022)-9(\004\026\202)-3(\t)1(\013)-5(\223)-10(\002)4(\n)-2(\202\026\f)-14(\013)-5(\f)-8(\021\022)-2(\023)-3(\020)-4(\002)-3(\013)-5(\n\026\002)4(\n\026)]TJ
/Span<</ActualText<FEFF004F>>> BDC 
T*
(\031)Tj
EMC 
0.773 0 Td
[(\n)-6(\020)-15(\023)2(\t)-12(\002)-3(\013)5(\201\026\023)-3(\020\026\n)-8(\017)-8(\023)2(\t)-14(\022)-9(\004\026\255)-9(\013)-7(\021)2(\t\026\020)-4(\002)4(\006)-9(\017)-8(\016\026)]TJ
-0.773 -1.2 Td
[(\020)-8(\r)-9(\017\026)]TJ
/Span<</ActualText<FEFF0043>>> BDC 
(\034)Tj
EMC 
2.194 0 Td
[(\023)2(\n)-2(\023)-4(\240)1(\002)2(\023)2(\n\026\005)-5(\002)4(\t)-46(\020)-8(\r)1(\t)-8(\023)-3(\020)-1(\017)-10(\201\026\023)2(\n)-8(\240\026)]TJ
-0.002 Tc 0.002 Tw -2.194 -1.2 Td
[(\f)-10(\021)-2(\005)-11(\022\002)-5(\007)-2(\026)3(\022\002\005)-8(\t)-10(\023\t)-14(\002)-7(\017)-10(\016)-2(\026)3(\023\t)-4(\017)-2(\026)3(\017)-19(\211)-10(\f)-19(\017)-13(\t)-14(\002)-7(\017)-13(\n)-10(\007)-8(\002)2(\n)-4(\202)-2(\026)]TJ
0 Tc 0 Tw T*
[(\202)-3(\t)1(\013)-5(\223)-10(\002)4(\n)-2(\202\026\240)-10(\017)-11(\006)-3(\023)2(\n)-8(\240)2(\016\026\020)2(\013\026\016\017)-11(\t)-44(\205)-5(\002)-3(\007\017\026)]TJ
/Span<</ActualText<FEFF0041>>> BDC 
T*
(\035)Tj
EMC 
0.609 0 Td
[(\005)-14(\013)-5(\t)-12(\002\202)-3(\002)4(\n)-2(\023)-1(\022\026\f)-5(\023)-3(\020)-4(\t)1(\013)-5(\n)2(\016)-6(\036\026\001)26(\021)2(\t)-45(\020)-8(\r)-9(\017)-11(\t)40(\201\026\023\016\026)]TJ
-0.609 -1.2 Td
[(\023\026\006)-1(\021\022)-6(\020)-4(\002)-3(\007)-3(\021\022)-6(\020)-3(\021)2(\t)-8(\023)-1(\022\026\023)2(\n)-8(\240\026\002)4(\n)-8(\007)-8(\022)1(\021)2(\016)7(\002)-3(\205)1(\017\026)]TJ
T*
[(\022)2(\002)2(\005)-6(\t)-8(\023)2(\t)-48(\004)28(\201\026\023)-1(\022)1(\022\026\250)-12(\013)-2(\023)2(\t)2(\240)2(\016\026\016)1(\r)-7(\013)-7(\021\022)-8(\240\026\005)-16(\017\026)]TJ
T*
[(\002)4(\n)4(\205)1(\017)-8(\016)-13(\020)-1(\017)-17(\240\026\002)4(\n\026\016)5(\f)-17(\017)-17(\007)-6(\002)2(\023)-1(\022\026\f)-14(\013)-5(\f)-8(\021\022)-2(\023)-3(\020)-4(\002)-3(\013)-5(\n)2(\016)7(\244\026)]TJ
T*
[(\n)-8(\017)-17(\017)-17(\240)2(\016\026\023)2(\n)-8(\240\026\020)-7(\r)-9(\017\026\017)-17(\240)-1(\021)-8(\007)-16(\023)-3(\020)-4(\002)-3(\013)-5(\n)-1(\023)-1(\022\026)]TJ
T*
[(\007)-16(\023)2(\f)-5(\023)-4(\007)-6(\002)-4(\020)-38(\004\026\013\255\026\023)-1(\022)1(\022\026)]TJ
/Span<</ActualText<FEFF004F>>> BDC 
(\031)Tj
EMC 
6.708 0 Td
[(\n)-6(\020)-15(\023)2(\t)-12(\002)2(\023)2(\n)2(\016\026)]TJ
-6.708 -1.2 Td
[(\020)-8(\r)1(\t)1(\013)-7(\021)-4(\202)-7(\r\026\016\017)-11(\t)-44(\205)-5(\002)-3(\007\017)]TJ
/Span<</ActualText<FEFF200A>>> BDC 
(\026)Tj
EMC 
6.537 0 Td
(\256)Tj
/Span<</ActualText<FEFF200A>>> BDC 
(\026)Tj
EMC 
0.451 0 Td
[(\007)4(\013)-8(\022)1(\022)-9(\017)-17(\007)-35(\020)-4(\002)-3(\013)-5(\n\026)]TJ
-6.988 -1.2 Td
[(\f)-14(\013)-8(\022)2(\002)-3(\007)-36(\004\026\240)-10(\017)-8(\205)1(\017)-12(\022)-7(\013)-5(\f)-6(\006)-9(\017)-11(\n)-6(\020)-21(\036\026\003)-15(\r)2(\002)7(\016\026)]TJ
T*
[(\016\017)-8(\016)11(\016)7(\002)-3(\013)-5(\n\026\f)-6(\t)-2(\017)-8(\016\017)-11(\n)-6(\020)-17(\016\026\240)1(\t)-8(\023)2(\255)-46(\020\026\f)-14(\013)-8(\022)2(\002)-3(\007)-6(\002)-5(\017)-8(\016\026)]TJ
T*
[(\023\016\026\017)-17(\211)-9(\023)2(\006)1(\f)-9(\022)-9(\017)-8(\016\026\013\255\026\002)4(\n)-8(\007)-8(\022)1(\021)2(\016)7(\002)-3(\205)1(\017\026)]TJ
T*
[(\007)4(\013)-8(\022)1(\022)-9(\017)-17(\007)-35(\020)-4(\002)-3(\013)-5(\n)2(\016\026\240)-10(\017)-8(\205)1(\017)-12(\022)-7(\013)-5(\f)-6(\006)-9(\017)-11(\n)-6(\020\026\f)-14(\013)-8(\022)2(\002)-3(\007)-36(\004\026)]TJ
-0.002 Tc 0.002 Tw T*
[(\023\n)-10(\240)-2(\026)-2(\f)-11(\022)-4(\023\n\n\002)2(\n)-4(\202)1(\036)]TJ
/T1_5 1 Tf
0 Tc 0 Tw 7.5 0 0 7.5 36 335.164 Tm
[(\037)9(\036)-13(\035)-24(\034)-17(\033)-15(\035)-18(\036)-13(\032)-19(\031\030\037)1(\b)-18(\026)-14(\016)-15(\r)-20(\033)-24(\021)-30(\021)-31(\033\030\n)-12(\024)-16(\204)-17(\217)-21(\026)-11(\032)-11(\r)-10(\007)-17(\036)-13(\035\020\030)]TJ
T*
[(\004)-1(\024)-11(\035)-19(\t)-31(\007)-35(\021)-29(\036)-13(\035\030\002)-6(\005\030\255)-23(\036)-23(\026)-11(\032)-11(\r)]TJ
/T1_1 1 Tf
14 0 0 14 36 306.164 Tm
(\207\002\004)Tj
ET
q
0 0 585 765 re
W n
BT
0.428 0.433 0.443  scn
/GS0 gs
/T1_2 1 Tf
9 0 0 9 58.2598 306.164 Tm
(\031)Tj
/Span<</ActualText<FEFF00690063>>> BDC 
6.3 0 0 6.3 96.9199 306.164 Tm
(\037\027)Tj
EMC 
(\032)Tj
/Span<</ActualText<FEFF0063>>> BDC 
(\027)Tj
EMC 
/Span<</ActualText<FEFF0020>>> BDC 
9 0 0 9 110.7986 306.164 Tm
(\031)Tj
EMC 
6.3 0 0 6.3 113.0486 306.164 Tm
(\035\033\215\034)Tj
/Span<</ActualText<FEFF0069>>> BDC 
(\037)Tj
EMC 
(\t\t\023)Tj
9 0 0 9 36 295.364 Tm
(\006\025\021\016\025)Tj
/Span<</ActualText<FEFF0020>>> BDC 
(\031)Tj
EMC 
6.3 0 0 6.3 61.3528 295.364 Tm
(\033)Tj
/Span<</ActualText<FEFF006D>>> BDC 
(\030)Tj
EMC 
ET
Q
BT
/T1_3 1 Tf
9 0 0 9 36 282.404 Tm
(\001\033\022\b\035\b\t\030\002\035\016\033\021\033\027\033\031\023\030\201\\r\b\017\031\t\030\f\035\027\035)Tj
/T1_1 1 Tf
/Span<</ActualText<FEFF004F>>> BDC 
0 -1.44 TD
(\035)Tj
EMC 
[(\036\032)70(\033\021)]TJ
/Span<</ActualText<FEFF0069>>> BDC 
(\037)Tj
EMC 
(\035)Tj
/Span<</ActualText<FEFF0073>>> BDC 
(\024)Tj
EMC 
(\020)Tj
0 -1.2 TD
(\025)Tj
/Span<</ActualText<FEFF00750062006C00690063>>> BDC 
(\030\026\027\037\031)Tj
EMC 
(\020\027)Tj
/Span<</ActualText<FEFF00690062>>> BDC 
(\037\026)Tj
EMC 
(\021\033\021\t\020)Tj
T*
(\037\036)Tj
/Span<</ActualText<FEFF0066>>> BDC 
(\022)Tj
EMC 
(\021\033)Tj
/Span<</ActualText<FEFF0073>>> BDC 
(\024)Tj
EMC 
(\032\021)Tj
/Span<</ActualText<FEFF00750063>>> BDC 
(\030\031)Tj
EMC 
(\032)Tj
/Span<</ActualText<FEFF0075>>> BDC 
(\030)Tj
EMC 
(\021\017\020)Tj
/Span<</ActualText<FEFF004F0062006C0069>>> BDC 
T*
(\035\026\027\037)Tj
EMC 
[(\016\033)70(\032)]TJ
/Span<</ActualText<FEFF0069>>> BDC 
(\037)Tj
EMC 
(\035\036)Tj
/T1_4 1 Tf
8 0 0 8 36 227.444 Tm
(\025\f\020\020\032\255\023\r\201\021\017\204\013\227\032)Tj
/T1_0 1 Tf
(\235\t\002\n\007\002\f\023\022\026)Tj
T*
[(\235\022\023\n\n\017\t)80(\201\026)]TJ
/Span<</ActualText<FEFF004D>>> BDC 
(\027)Tj
EMC 
(\013\n\020\017\002\020\r\026\250\t\013\223\n\026)Tj
T*
(\235\022\023\n\n\002\n\202\026)Tj
/Span<</ActualText<FEFF0043>>> BDC 
(\034)Tj
EMC 
4.49 0 Td
(\013\n\016\021\022\020\023\n\020\016)Tj
9 0 0 9 36 197.444 Tm
[(\003)-15(\r)-9(\017\026\001)10(\017)-17(\240)-10(\017)-11(\t)-8(\023)-3(\020)-4(\002)-3(\013)-5(\n\026\013\255\026)]TJ
/Span<</ActualText<FEFF004F>>> BDC 
(\031)Tj
EMC 
8.403 0 Td
[(\n)-6(\020)-15(\023)2(\t)-12(\002)-3(\013\026)]TJ
-8.403 -1.2 Td
[(\235)-4(\021\005)-9(\022)2(\002)-3(\007\026)]TJ
/Span<</ActualText<FEFF004C>>> BDC 
(\030)Tj
EMC 
3.324 0 Td
[(\002)2(\005)-6(\t)-8(\023)2(\t)-12(\002)-5(\017)-8(\016\026\t)-2(\017)-18(\020)-15(\023)2(\002)4(\n)-8(\017)-17(\240\026\023\026)]TJ
-3.324 -1.2 Td
[(\007)4(\013)-5(\n)2(\016)5(\021\022)-6(\020)-15(\023)2(\n)-6(\020\026\020)2(\013\026\007)4(\013)-5(\n)-8(\240)-1(\021)-8(\007)-35(\020\026\023\026\007)-16(\023)2(\f)-5(\002)-4(\020)-15(\023)-1(\022\026)]TJ
T*
[(\n)-8(\017)-17(\017)-17(\240)2(\016\026\023)2(\n)-2(\023)-1(\022)-9(\004)-7(\016)7(\002)7(\016\026\020)2(\013\026\002)-5(\240)-10(\017)-11(\n)-6(\020)-4(\002)1(\255)-49(\004\026\020)-7(\r)-9(\017\026)]TJ
T*
[(\007)4(\013)-5(\n)-8(\240)1(\002)-4(\020)-4(\002)-3(\013)-5(\n\026\013\255\026\017)-17(\211)-8(\002)7(\016)-13(\020)-4(\002)4(\n)-2(\202\026)]TJ
/Span<</ActualText<FEFF004F>>> BDC 
(\031)Tj
EMC 
9.512 0 Td
[(\n)-6(\020)-15(\023)2(\t)-12(\002)-3(\013\026)]TJ
-9.512 -1.2 Td
[(\f)-8(\021\005)-9(\022)2(\002)-3(\007\026\022)3(\002)2(\005)-6(\t)-8(\023)2(\t)-48(\004\026\255)-16(\023)-4(\007)-6(\002)2(\022)2(\002)-4(\020)-4(\002)-5(\017)-8(\016)-8(\201\026\f)-9(\022)-2(\023)-4(\007\017\026\023\026)]TJ
T*
[(\240)-7(\013)-8(\022)1(\022)-2(\023)2(\t\026\205)1(\023)-1(\022)1(\021)-10(\017\026\013)-5(\n\026\020)-8(\r)-9(\017\026\017)-8(\016)-13(\020)-4(\002)4(\006)-2(\023)-3(\020)-1(\017)-17(\240\026)]TJ
/Span<</ActualText<FEFF004F>>> BDC 
T*
(\031)Tj
EMC 
0.773 0 Td
[(\n)-6(\020)-15(\023)2(\t)-12(\002)-3(\013\026\f)-8(\021\005)-9(\022)2(\002)-3(\007\026\022)2(\002)2(\005)-6(\t)-8(\023)2(\t)-48(\004\026)]TJ
-0.773 -1.2 Td
[(\002)4(\n)-1(\255)-12(\t)-8(\023\016)-13(\020)-4(\t)-14(\021)-8(\007)-35(\020)-3(\021)2(\t)-2(\017\026\240)-10(\017)-16(\234)-17(\007)-6(\002)-4(\020)-21(\201\026\023)2(\n)-8(\240\026)]TJ
T*
[(\023\016)11(\016)7(\002)7(\016)-13(\020\026\016)-13(\020)-15(\023)5(\017)-14(\r)-7(\013)-8(\022)-8(\240)-10(\017)-11(\t)-11(\016\026\002)4(\n\026\f)-9(\022)-2(\023)2(\n)2(\n)2(\002)4(\n)-2(\202\026)]TJ
T*
[(\007)-16(\023)2(\f)-5(\002)-4(\020)-15(\023)-1(\022\026\002)4(\n)4(\205)1(\017)-8(\016)-13(\020)-4(\006)-9(\017)-11(\n)-6(\020\026\002)4(\n\026)]TJ
/Span<</ActualText<FEFF004F>>> BDC 
(\031)Tj
EMC 
9.759 0 Td
[(\n)-6(\020)-15(\023)2(\t)-12(\002)-3(\013\026)]TJ
-9.759 -1.2 Td
[(\f)-8(\021\005)-9(\022)2(\002)-3(\007\026\022)3(\002)2(\005)-6(\t)-8(\023)2(\t)-48(\004\026\255)-16(\023)-4(\007)-6(\002)2(\022)2(\002)-4(\020)-4(\002)-5(\017)-8(\016)-6(\036\026\003)-15(\r)-9(\017\026)]TJ
T*
[(\t)-2(\017)-8(\016)5(\021\022)-6(\020)-17(\016\026\013\255\026\020)-8(\r)2(\002)7(\016\026\023)2(\n)-2(\023)-1(\022)-9(\004)-7(\016)7(\002)7(\016\026\223)-10(\002)2(\022)1(\022\026\005)-17(\017\026)]TJ
T*
[(\t)-2(\017)-8(\205)1(\017)-8(\023)-1(\022)-9(\017)-17(\240\026\023)-3(\020\026\020)-8(\r)2(\002)7(\016\026\016\017)-8(\016)11(\016)7(\002)-3(\013)-5(\n)-3(\036)]TJ
/T1_5 1 Tf
-0.03 Tc 0.03 Tw 7.5 0 0 7.5 36 44.444 Tm
[(\037)9(\036)-13(\035)-24(\034)-17(\033)-15(\035)-18(\036)-13(\032)-19(\031\030\240)-27(\026)-21(\034)-11(\024)-15(\r\030)-26(\b)-13(\b)-18(\033)-15(\035\020\030\210)-23(\216)-16(\033)-23(\204)-21(\016)-18(\021)-18(\024)-20(\034)-17(\033\030\240)-22(\024)-11(\032)-12(\033)-23(\204)-42(\021)-29(\036)-13(\032)38(\020)-30(\030)]TJ
T*
[(\200)12(\033)-22(\r)-20(\033)-15(\032)-11(\026)-19(\021)-18(\024)-13(\036)-13(\035\030\036)-15(\022\030\215)-24(\035)-18(\021)-32(\026)-11(\032)-28(\024)-13(\036\030\002)-9(\016)-10(\f)-16(\b)-10(\024)-16(\204\030\005)-8(\024)-11(\f)-16(\032)-12(\026)-11(\032)-28(\024)-16(\033)-14(\007)]TJ
/T1_1 1 Tf
0 Tc 0 Tw 14 0 0 14 167.25 647.284 Tm
(\207\002\203)Tj
ET
q
0 0 585 765 re
W n
BT
0.428 0.433 0.443  scn
/GS0 gs
/T1_2 1 Tf
9 0 0 9 188.6138 647.284 Tm
(\031)Tj
/Span<</ActualText<FEFF006D>>> BDC 
6.3 0 0 6.3 236.5676 647.284 Tm
(\030)Tj
EMC 
(\032)Tj
/Span<</ActualText<FEFF00630063>>> BDC 
(\027\027)Tj
EMC 
/Span<</ActualText<FEFF0020>>> BDC 
9 0 0 9 254.0876 647.284 Tm
(\031)Tj
EMC 
(\006\025\016)Tj
/Span<</ActualText<FEFF0063>>> BDC 
6.3 0 0 6.3 271.3315 647.284 Tm
(\027)Tj
EMC 
9 0 0 9 167.25 636.484 Tm
(\006\025\021\016\025)Tj
/Span<</ActualText<FEFF0020>>> BDC 
(\031)Tj
EMC 
6.3 0 0 6.3 192.6028 636.484 Tm
(\033)Tj
/Span<</ActualText<FEFF006D>>> BDC 
(\030)Tj
EMC 
ET
Q
BT
/T1_3 1 Tf
9 0 0 9 167.25 623.524 Tm
[(\215\024\017\031\b\032\035\032\016\031\030\255)100(\b\r\023\027\031\031\030\f\031\017\031\021\024\025\036\031\032\027)]TJ
/T1_1 1 Tf
/Span<</ActualText<FEFF004F>>> BDC 
0 -1.44 TD
(\035)Tj
EMC 
[(\036\032)70(\033\021)]TJ
/Span<</ActualText<FEFF0069>>> BDC 
(\037)Tj
EMC 
(\035)Tj
/Span<</ActualText<FEFF0073>>> BDC 
(\024)Tj
EMC 
(\020\025)Tj
/Span<</ActualText<FEFF00750062006C00690063>>> BDC 
(\030\026\027\037\031)Tj
EMC 
(\020)Tj
0 -1.2 TD
(\027)Tj
/Span<</ActualText<FEFF00690062>>> BDC 
(\037\026)Tj
EMC 
(\021\033\021)Tj
/Span<</ActualText<FEFF0069>>> BDC 
(\037)Tj
EMC 
(\017)Tj
/Span<</ActualText<FEFF0073>>> BDC 
(\024)Tj
EMC 
(\020)Tj
/Span<</ActualText<FEFF00410063>>> BDC 
(\033\031)Tj
EMC 
[(\032)80(\217\020)]TJ
T*
(\030\036)Tj
/Span<</ActualText<FEFF0064>>> BDC 
(\r)Tj
EMC 
(\017\021)Tj
/Span<</ActualText<FEFF0073>>> BDC 
(\024)Tj
EMC 
[(\032)70(\033\036)]TJ
/Span<</ActualText<FEFF00640069>>> BDC 
(\r\037)Tj
EMC 
(\036\016\020)Tj
T*
(\033\036)Tj
/Span<</ActualText<FEFF0064>>> BDC 
(\r)Tj
EMC 
(\020\031\035\b)Tj
/Span<</ActualText<FEFF0070006C0069>>> BDC 
(\025\027\037)Tj
EMC 
(\033\036)Tj
/Span<</ActualText<FEFF0063>>> BDC 
(\031)Tj
EMC 
(\017)Tj
/T1_4 1 Tf
8 0 0 8 167.25 565.684 Tm
(\037\023\b\201\204\020\032\025\204\r\201\021\020\f\017\r\227\032)Tj
/T1_0 1 Tf
/Span<</ActualText<FEFF00430045004F>>> BDC 
(\034\033\031)Tj
EMC 
[(\201\026\210)70(\023\021\202\r\023\n\026)]TJ
T*
(\235)Tj
/Span<</ActualText<FEFF004C>>> BDC 
(\030)Tj
EMC 
(\263\026)Tj
/T1_4 1 Tf
[(\033\017\001\032\025\023\231\223\020\b)80(\227)]TJ
/T1_0 1 Tf
(\026)Tj
/Span<</ActualText<FEFF004C>>> BDC 
(\030)Tj
EMC 
(\002\005\t\023\t\004\026)Tj
/Span<</ActualText<FEFF0053>>> BDC 
(\032)Tj
EMC 
(\017\t\205\002\007\017\016\026)Tj
/Span<</ActualText<FEFF0041>>> BDC 
T*
(\035)Tj
EMC 
[(\240\205\002\016\013\t)80(\201\026)]TJ
/T1_4 1 Tf
(\036\001\023\202\032\215\023\204\023\b\023\013)Tj
/T1_0 1 Tf
(\201\026)Tj
/Span<</ActualText<FEFF0043>>> BDC 
(\034)Tj
EMC 
(\021\022\020\021\t\017\026)Tj
/Span<</ActualText<FEFF0053>>> BDC 
0 -1.2 TD
(\032)Tj
EMC 
(\017\t\205\002\007\017\016\026)Tj
/Span<</ActualText<FEFF0041>>> BDC 
(\035)Tj
EMC 
(\240\205\002\016\013\t\263\026)Tj
/Span<</ActualText<FEFF004F>>> BDC 
(\031)Tj
EMC 
(\n\020\023\t\002\013\026)Tj
/Span<</ActualText<FEFF004D>>> BDC 
(\027)Tj
EMC 
(\002\n\002\016\020\t\004\026)Tj
0 -1.2 TD
[(\013\255\026\003)100(\013\021\t\002\016\006\201\026)]TJ
/Span<</ActualText<FEFF0043>>> BDC 
(\034)Tj
EMC 
(\021\022\020\021\t\017\026\023\n\240\026)Tj
/Span<</ActualText<FEFF0053>>> BDC 
(\032)Tj
EMC 
(\f\013\t\020)Tj
9 0 0 9 167.25 516.484 Tm
[(\003)-15(\r)-9(\017\026\235)-4(\021\005)-9(\022)2(\002)-3(\007\026)]TJ
/Span<</ActualText<FEFF004C>>> BDC 
(\030)Tj
EMC 
5.142 0 Td
[(\002)2(\005)-6(\t)-8(\023)2(\t)-12(\002)-5(\017)-8(\016\026)]TJ
/Span<</ActualText<FEFF0041>>> BDC 
(\035)Tj
EMC 
3.98 0 Td
[(\007)-35(\020\026\016\017)-18(\020)-17(\016\026)]TJ
-9.122 -1.2 Td
[(\013)-7(\021)-7(\020\026\020)-8(\r)-9(\017\026\007)4(\013)-5(\n)-8(\240)1(\002)-4(\020)-4(\002)-3(\013)-5(\n)2(\016\026\013\255\026\255)-12(\t)-2(\017)-17(\017\026)]TJ
0 -1.2 TD
[(\f)-8(\021\005)-9(\022)2(\002)-3(\007\026\022)3(\002)2(\005)-6(\t)-8(\023)2(\t)-48(\004\026\016\017)-11(\t)-44(\205)-5(\002)-3(\007\017)-8(\036\026\003)62(\013\026)]TJ
T*
[(\022)-9(\017)-8(\023)-4(\240\026\023)2(\n)-8(\240\026\016)5(\021)2(\f)-6(\f)-14(\013)-5(\t)-46(\020\026\013)-7(\021)2(\t\026\f)-8(\021\005)-9(\022)2(\002)-3(\007\026)]TJ
T*
[(\022)2(\002)2(\005)-6(\t)-8(\023)2(\t)-12(\002)-5(\017)-8(\016)-8(\201\026\020)-4(\t)-14(\021)2(\016)-13(\020)-1(\017)-17(\017)-8(\016\026\n)-8(\017)-17(\017)-17(\240\026\023\026)]TJ
T*
[(\202\013)-12(\013)-14(\240\026\021)2(\n)-8(\240)-10(\017)-11(\t)-11(\016)-13(\020)-15(\023)2(\n)-8(\240)1(\002)4(\n)-2(\202\026\013\255\026\020)-8(\r)-9(\017\026)]TJ
T*
[(\f)-5(\023)2(\t)-8(\023)2(\006)-9(\017)-18(\020)-1(\017)-11(\t)-11(\016\026\013)-7(\021)-7(\020)-6(\022)2(\002)4(\n)-8(\017)-17(\240\026\002)4(\n\026\020)-8(\r)-9(\017\026)]TJ
/Span<</ActualText<FEFF0041>>> BDC 
T*
(\035)Tj
EMC 
0.609 0 Td
[(\007)-35(\020\026\223)-14(\r)2(\002)2(\022)-9(\017\026)]TJ
/Span<</ActualText<FEFF00430045004F>>> BDC 
[(\034)3(\033)16(\031)]TJ
EMC 
5.361 0 Td
[(\016\026\023)2(\n)-8(\240\026\016)-13(\020)-15(\023)2(\255)-41(\255\026\006)-2(\023)4(\004\026)]TJ
-5.97 -1.2 Td
[(\022)2(\002)2()5(\017\026\020)2(\013\026\022)-9(\017)-8(\023)2(\t)-12(\n\026\006)-8(\013)-5(\t)-2(\017\026\023\016\026\223)-10(\017)-12(\022)1(\022)-3(\036\026)]TJ
T*
[(\003)-15(\r)-9(\017\026)5(\017)-10(\004\026\017)-12(\022)-9(\017)-11(\006)-9(\017)-11(\n)-6(\020)-17(\016\026\013\255\026\020)-8(\r)-9(\017\026)]TJ
/Span<</ActualText<FEFF0041>>> BDC 
(\035)Tj
EMC 
10.774 0 Td
[(\007)-35(\020\026)]TJ
-10.774 -1.2 Td
[(\023)2(\n)-8(\240\026\r)-7(\013)-5(\223\026\020)-8(\r)-9(\017)-10(\004\026\023)2(\t)-2(\017\026\021)2(\016\017)-17(\240\026\023)-3(\020\026\020)-8(\r)-9(\017\026)]TJ
T*
[(\003)64(\t)-14(\021)2(\016)-13(\020)-1(\017)-17(\017\026\023)2(\n)-8(\240\026)]TJ
/Span<</ActualText<FEFF00430045004F>>> BDC 
[(\034)3(\033)16(\031)]TJ
EMC 
[(\026\022)-9(\017)-8(\205)1(\017)-12(\022)2(\016\026\223)-10(\002)2(\022)1(\022\026)]TJ
T*
[(\005)-17(\017\026\t)-2(\017)-8(\205)-5(\002)-5(\017)-14(\223)-10(\017)-17(\240)-5(\036\026\003)-15(\r)-9(\017\026\016\017)-8(\016)11(\016)7(\002)-3(\013)-5(\n\026)]TJ
T*
[(\223)-10(\002)2(\022)1(\022\026\002)4(\n)-8(\007)-8(\022)1(\021)-9(\240)-10(\017\026\023\026\223)-7(\013)-5(\t)-14()-16(\016)1(\r)-7(\013)-5(\f\026)]TJ
T*
[(\007)4(\013)-5(\006)1(\f)-14(\013)-5(\n)-8(\017)-10(\n)-6(\020\026\255)-9(\013)-5(\t\026\f)-5(\023)2(\t)-46(\020)-4(\002)-3(\007)-6(\002)4(\f)-5(\023)2(\n)-6(\020)-17(\016\026\020)2(\013\026)]TJ
T*
[(\240)1(\002)7(\016\007)-3(\021)3(\016)11(\016\026\016\013)-5(\006)-9(\017\026\007)-16(\023\016\017)-8(\016\026\023)2(\n)-8(\240\026\016\013)-7(\021)2(\n)-8(\240\026)]TJ
0.004 Tc -0.004 Tw T*
[(\f)-2(\t)-4(\023\007)-31(\020\002)1(\007)4(\017)-4(\016)]TJ
/T1_4 1 Tf
0 Tc 0 Tw 3.804 0 Td
(\205)Tj
/T1_5 1 Tf
7.5 0 0 7.5 167.25 334.684 Tm
[(\037)9(\036)-13(\035)-24(\034)-17(\033)-15(\035)-18(\036)-13(\032)-19(\031\030\027)-11(\026)-11(\025)-13(\033)-14(\007\030\017)-24(\026)-11(\b)-13(\b)-10(\024)-11(\b)-18(\033)-7(\020\030\037)9(\036)-13(\032)-28(\035)-24(\220)-18(\026)-11(\b)-13(\b\030\002)-6(\005\030)]TJ
0.011 Tc -0.011 Tw 0 -1.44 TD
[(\255)-12(\036)-12(\026\032\r)]TJ
/T1_1 1 Tf
0 Tc 0 Tw 14 0 0 14 167.25 305.884 Tm
(\207\002\207)Tj
ET
q
0 0 585 765 re
W n
BT
0.428 0.433 0.443  scn
/GS0 gs
/T1_2 1 Tf
9 0 0 9 189.9579 305.884 Tm
(\031)Tj
/Span<</ActualText<FEFF006D>>> BDC 
6.3 0 0 6.3 235.6146 305.884 Tm
(\030)Tj
EMC 
(\032)Tj
/Span<</ActualText<FEFF00630063>>> BDC 
(\027\027)Tj
EMC 
/Span<</ActualText<FEFF0020>>> BDC 
9 0 0 9 253.1347 305.884 Tm
(\031)Tj
EMC 
(\026\025\024)Tj
6.3 0 0 6.3 271.4763 305.884 Tm
(\023)Tj
9 0 0 9 167.25 295.084 Tm
(\006\025\021\016\025)Tj
/Span<</ActualText<FEFF0020>>> BDC 
(\031)Tj
EMC 
6.3 0 0 6.3 192.6027 295.084 Tm
(\033)Tj
/Span<</ActualText<FEFF006D>>> BDC 
(\030)Tj
EMC 
ET
Q
BT
/T1_3 1 Tf
9 0 0 9 167.25 282.124 Tm
(\013\035\n\031\b\030\016\r\021\027\r\b\031)Tj
/T1_1 1 Tf
/Span<</ActualText<FEFF004D>>> BDC 
T*
(\b)Tj
EMC 
(\017\017\032\020\t\035)Tj
/Span<</ActualText<FEFF0075>>> BDC 
(\030)Tj
EMC 
(\021\020\b\033\f\017\021)Tj
/Span<</ActualText<FEFF0073>>> BDC 
(\024)Tj
EMC 
(\220\217\020)Tj
0 -1.2 TD
(\b\033\f\017\021\020)Tj
/Span<</ActualText<FEFF00630075006C>>> BDC 
(\031\030\027)Tj
EMC 
5.642 0 Td
(\032)Tj
/Span<</ActualText<FEFF0075>>> BDC 
(\030)Tj
EMC 
(\021\017\020)Tj
/Span<</ActualText<FEFF0066>>> BDC 
-5.642 -1.2 Td
(\022)Tj
EMC 
(\035\021\020)Tj
/Span<</ActualText<FEFF006C00690062>>> BDC 
(\027\037\026)Tj
EMC 
(\021\033\021)Tj
/Span<</ActualText<FEFF0069>>> BDC 
(\037)Tj
EMC 
(\033\036)Tj
/Span<</ActualText<FEFF0073>>> BDC 
(\024)Tj
EMC 
ET
q
0 0 585 765 re
W n
0.762 0.656 0.815  scn
/GS0 gs
q 1 0 0 1 276.2644 267.1217 cm
0 0 m
-3.998 0.697 -4.323 -0.062 v
-4.649 -0.82 -4.565 -1.969 y
-4.201 -5.154 -5.186 -5.116 y
-10.322 -2.642 -9.655 -7.436 y
-8.789 -10.59 -5.349 -8.244 y
-4.857 -7.585 -5.155 -10.301 y
-5.066 -14.092 -1.967 -12.531 y
-0.969 -11.916 -0.6 -12.391 -0.477 -12.666 c
-0.643 -12.828 -0.793 -13.016 -0.916 -13.23 c
-1.559 -14.345 -1.284 -15.722 -0.303 -16.307 c
0.678 -16.892 2.042 -16.546 2.684 -15.432 c
2.906 -15.047 2.872 -12.906 y
3.106 -10.884 8.019 -13.059 y
7.885 -7.923 l
7.808 -6.375 7.765 -5.287 y
7.832 -1.437 7.839 -0.685 v
7.845 0.066 6.852 0.202 y
h
f
Q
Q
BT
1 1 1  scn
/GS0 gs
/T1_2 1 Tf
/Span<</ActualText<FEFF0056>>> BDC 
10 0 0 10 273.54 259.2877 Tm
(\034)Tj
EMC 
0 0 0  scn
/GS1 gs
/T1_4 1 Tf
/Span<</ActualText<FEFF0046>>> BDC 
8 0 0 8 167.25 237.964 Tm
(\211)Tj
EMC 
(\204\023\007\b\020\032\034\212\240\n\204\r\r\227\032)Tj
/T1_0 1 Tf
/Span<</ActualText<FEFF0043>>> BDC 
(\034)Tj
EMC 
7.427 0 Td
(\023\020\023\022\013\202\021\002\n\202\026)Tj
/Span<</ActualText<FEFF004C>>> BDC 
-7.427 -1.2 Td
(\030)Tj
EMC 
(\002\005\t\023\t\002\023\n\201\026\247\023\006\002\022\020\013\n\026\235\)Tj
/Span<</ActualText<FEFF004C>>> BDC 
(\030)Tj
EMC 
/Span<</ActualText<FEFF004D>>> BDC 
9 0 0 9 167.25 217.564 Tm
(\027)Tj
EMC 
0.877 0 Td
[(\023)5(\017)-11(\t\026\007)-3(\021\022)-6(\020)-3(\021)2(\t)-2(\017\026\002)7(\016\026\023\026\202)-3(\t)1(\013)-5(\223)-10(\002)4(\n)-2(\202\026)]TJ
-0.877 -1.2 Td
[(\007)4(\013)-5(\006)1(\006)-1(\021)2(\n)2(\002)-4(\020)-38(\004\026\223)-10(\002)-4(\020)-8(\r\026\023\026\224)-1(\225)-3(\232\026\017)-18(\020)-8(\r)2(\002)-3(\007)-23(\036\026)]TJ
T*
[(\003)-15(\r)-9(\017)-10(\004\026\023)2(\t)-2(\017\026\007)4(\013)-14(\240)-10(\017)-11(\t)-11(\016)-8(\201\026\255)-16(\023\005)-6(\t)-12(\002)-3(\007)-16(\023)-3(\020)3(\013)-5(\t)-11(\016)-8(\201\026)]TJ
T*
[(\023)2(\n)-8(\240\026\017)-17(\240)-1(\021)-8(\007)-16(\023)-3(\020)2(\013)-5(\t)-11(\016\026\240)-10(\017)-17(\240)1(\002)-3(\007)-16(\023)-3(\020)-1(\017)-17(\240\026\020)2(\013\026)]TJ
T*
[(\020)-15(\023)-8(\002)4(\n)-2(\202\026\007)4(\013)-5(\n)-6(\020)-4(\t)1(\013)-8(\022\026\013\255\026\020)-1(\017)-17(\007)-10(\r)1(\n)-7(\013)-8(\022)-7(\013)-5(\202)-40(\004\026\255)-9(\013)-5(\t\026)]TJ
T*
[(\020)-8(\r)-9(\017)-11(\006)1(\016\017)-12(\022)-5(\205)1(\017)-8(\016\026\207\026\223)-10(\002)-4(\020)-8(\r\026\006)-3(\023)5(\017)-11(\t)-11(\016)5(\f)-5(\023)-4(\007\017)-8(\016\026)]TJ
T*
[(\002)4(\n\026\022)-7(\013)-14(\007)-16(\023)-1(\022\026\007)4(\013)-5(\006)1(\006)-1(\021)2(\n)2(\002)-4(\020)-4(\002)-5(\017)-8(\016\026)]TJ
T*
[(\223)-7(\013)-5(\t)-14(\022)-8(\240)-11(\223)-10(\002)-5(\240)-10(\017\026\r)-9(\017)-12(\022)3(\f)-5(\002)4(\n)-2(\202\026\f)-17(\017)-15(\013)-5(\f)-9(\022)-9(\017\026)]TJ
T*
[(\007)4(\013)-5(\n)2(\n)-8(\017)-17(\007)-35(\020\026\223)-10(\002)-4(\020)-8(\r\026\020)-1(\017)-17(\007)-10(\r)1(\n)-7(\013)-8(\022)-7(\013)-5(\202)-40(\004\026\002)4(\n\026)]TJ
T*
[(\n)-8(\017)-14(\223\026\223)-5(\023)4(\004)-7(\016)-6(\036\026)]TJ
/Span<</ActualText<FEFF004C>>> BDC 
(\030)Tj
EMC 
4.973 0 Td
[(\017)-8(\023)2(\t)-12(\n\026\023\005)-14(\013)-7(\021)-7(\020\026\006)-3(\023)5(\017)-11(\t\026)]TJ
-4.973 -1.2 Td
[(\007)-3(\021\022)-6(\020)-3(\021)2(\t)-2(\017)-10(\201\026\020)-8(\r)-9(\017\026\017)-8(\016)11(\016\017)-11(\n)-6(\020)-4(\002)2(\023)-1(\022\026\t)2(\013)-8(\022)-9(\017\026)]TJ
T*
[(\022)2(\002)2(\005)-6(\t)-8(\023)2(\t)-12(\002)2(\023)2(\n)3(\016\026\007)-16(\023)2(\n\026\f)-9(\022)-2(\023)4(\004\026\002)4(\n\026\020)-8(\r)2(\002)7(\016\026)]TJ
T*
[(\006)-8(\013)2(\205)1(\017)-11(\006)-9(\017)-11(\n)-6(\020)-21(\201\026\023)2(\n)-8(\240\026\223)-14(\r)-2(\023)-3(\020\026\002)-4(\020\026\006)-9(\017)-8(\023)2(\n)2(\016\026)]TJ
T*
[(\255)-9(\013)-5(\t\026\013)-7(\021)2(\t\026\t)-2(\017)-12(\022)-2(\023)-3(\020)-4(\002)-3(\013)-5(\n)2(\016)1(\r)2(\002)4(\f\026\223)-10(\002)-4(\020)-8(\r\026\023)2(\n)-8(\240\026)]TJ
T*
[(\021)2(\n)-8(\240)-10(\017)-11(\t)-11(\016)-13(\020)-15(\023)2(\n)-8(\240)1(\002)4(\n)-2(\202\026\013\255\026\020)-1(\017)-17(\007)-10(\r)1(\n)-7(\013)-8(\022)-7(\013)-5(\202)-40(\004)32(\036\026)]TJ
/T1_5 1 Tf
7.5 0 0 7.5 167.25 57.364 Tm
[(\037)9(\036)-13(\035)-24(\034)-17(\033)-15(\035)-18(\036)-13(\032)-19(\031\030\223)-17(\007)-14(\016)-7(\211)-23(\007)-20(\026)-11(\035)-13(\035)-21(\026\030\005)-13(\026)-11(\035)-21(\204)-22(\007)-20(\026)-11(\207)-10(\020\030)]TJ
0 -1.44 TD
[(\203)-12(\035)-13(\024)-20(\034)-17(\033)-15(\032)-41(\007)-10(\024)-19(\021)-31(\013\030\036)-15(\022\030\206)15(\026)-19(\021)-31(\033)-15(\032)-29(\b)-15(\036)-20(\036)]TJ
/T1_1 1 Tf
14 0 0 14 298.5 647.284 Tm
(\207\002\001)Tj
ET
q
0 0 585 765 re
W n
BT
0.428 0.433 0.443  scn
/GS0 gs
/T1_2 1 Tf
9 0 0 9 319.6258 647.284 Tm
(\031)Tj
/Span<</ActualText<FEFF006D>>> BDC 
6.3 0 0 6.3 366.9717 647.284 Tm
(\030)Tj
EMC 
(\032)Tj
/Span<</ActualText<FEFF00630063>>> BDC 
(\027\027)Tj
EMC 
/Span<</ActualText<FEFF0020>>> BDC 
9 0 0 9 384.4918 647.284 Tm
(\031)Tj
EMC 
(\026\025\024)Tj
6.3 0 0 6.3 402.8334 647.284 Tm
(\f)Tj
9 0 0 9 298.5 636.484 Tm
(\006\025\021\016\025)Tj
/Span<</ActualText<FEFF0020>>> BDC 
(\031)Tj
EMC 
6.3 0 0 6.3 323.8527 636.484 Tm
(\033)Tj
/Span<</ActualText<FEFF006D>>> BDC 
(\030)Tj
EMC 
ET
Q
BT
/T1_3 1 Tf
9 0 0 9 298.5 623.524 Tm
[(\205\016\016\031\023\023\033\022\033\021\033\027\t)50(\030\240)60(\031\022\030\f\031\023\033\034\032)]TJ
/T1_1 1 Tf
/Span<</ActualText<FEFF004D>>> BDC 
T*
(\b)Tj
EMC 
(\033\f)Tj
/Span<</ActualText<FEFF0069>>> BDC 
(\037)Tj
EMC 
(\036\016\020)Tj
/Span<</ActualText<FEFF0059>>> BDC 
(\t)Tj
EMC 
(\035)Tj
/Span<</ActualText<FEFF0075>>> BDC 
(\030)Tj
EMC 
(\021)Tj
ET
q
0 0 585 765 re
W n
0.762 0.656 0.815  scn
/GS0 gs
q 1 0 0 1 407.5144 621.1217 cm
0 0 m
-3.998 0.697 -4.323 -0.062 v
-4.649 -0.82 -4.565 -1.969 y
-4.201 -5.154 -5.186 -5.116 y
-10.322 -2.642 -9.655 -7.436 y
-8.789 -10.59 -5.349 -8.244 y
-4.857 -7.585 -5.155 -10.301 y
-5.066 -14.092 -1.967 -12.531 y
-0.969 -11.917 -0.6 -12.391 -0.477 -12.666 c
-0.643 -12.828 -0.793 -13.016 -0.916 -13.23 c
-1.559 -14.345 -1.284 -15.722 -0.303 -16.307 c
0.678 -16.892 2.042 -16.546 2.684 -15.432 c
2.906 -15.047 2.872 -12.906 y
3.106 -10.884 8.019 -13.059 y
7.885 -7.923 l
7.808 -6.375 7.765 -5.287 y
7.832 -1.437 7.839 -0.685 v
7.845 0.066 6.852 0.202 y
h
f
Q
Q
BT
1 1 1  scn
/GS0 gs
/T1_2 1 Tf
/Span<</ActualText<FEFF0056>>> BDC 
10 0 0 10 404.79 613.2877 Tm
(\034)Tj
EMC 
0 0 0  scn
/GS1 gs
/T1_1 1 Tf
9 0 0 9 364.2982 610.564 Tm
(\020)Tj
(\020)Tj
/Span<</ActualText<FEFF0057>>> BDC 
-7.311 -1.2 Td
(\006)Tj
EMC 
(\017)Tj
/Span<</ActualText<FEFF0062>>> BDC 
(\026)Tj
EMC 
(\024)Tj
/Span<</ActualText<FEFF0069>>> BDC 
(\037)Tj
EMC 
(\032\017\020)Tj
/Span<</ActualText<FEFF004100630063>>> BDC 
(\033\031\031)Tj
EMC 
(\017)Tj
/Span<</ActualText<FEFF0073007300690062006C>>> BDC 
(\024\024\037\026\027)Tj
EMC 
(\017\217\020)Tj
/Span<</ActualText<FEFF0041004F>>> BDC 
0 -1.2 TD
(\033\035)Tj
EMC 
(\r)Tj
/Span<</ActualText<FEFF0041>>> BDC 
(\033)Tj
EMC 
(\020\031\035\b)Tj
/Span<</ActualText<FEFF0070006C0069>>> BDC 
(\025\027\037)Tj
EMC 
(\033\036)Tj
/Span<</ActualText<FEFF0063>>> BDC 
(\031)Tj
EMC 
(\017)Tj
/T1_4 1 Tf
8 0 0 8 298.5 579.364 Tm
(\035\017\023\r\r\020\032\034\n\001\227\032)Tj
/T1_0 1 Tf
(\225\n\016\020\t\021\007\020\002\013\n\023\022\026)Tj
T*
[(\003)100(\017\007\r\n\013\022\013\202\004\026)]TJ
/Span<</ActualText<FEFF004C>>> BDC 
(\030)Tj
EMC 
(\002\005\t\023\t\002\023\n\201\026)Tj
/Span<</ActualText<FEFF0057>>> BDC 
(\037)Tj
EMC 
(\002\022\255\t\002\240\026)Tj
/Span<</ActualText<FEFF004C>>> BDC 
T*
(\030)Tj
EMC 
(\023\021\t\002\017\t\026)Tj
/Span<</ActualText<FEFF0055>>> BDC 
(\242)Tj
EMC 
(\n\002\205\017\t\016\002\020\004)Tj
-0.02 Tc 0.02 Tw /Span<</ActualText<FEFF0055>>> BDC 
9 0 0 9 298.5 549.364 Tm
(\242)Tj
EMC 
0.679 0 Td
[(\n)-8(\240)-10(\017)-11(\t\026\020)-8(\r)-9(\017\026\021)2(\f)-17(\007)4(\013)-5(\006)1(\002)4(\n)-2(\202)-20(\026)]TJ
-0.017 Tc 0.017 Tw -0.679 -1.2 Td
[(\225)11(\n)2(\255)-6(\013)-2(\t)-9(\006\023\020)-1(\002\013)-2(\n)3(\026)3(\023)5(\n)-5(\240)3(\026)]TJ
/Span<</ActualText<FEFF0043>>> BDC 
6.736 0 Td
(\034)Tj
EMC 
0.58 0 Td
[(\013)-2(\006)4(\006)2(\021)5(\n)5(\002\007)-13(\023\020)-1(\002\013)-2(\n)-17(\026)]TJ
-0.022 Tc 0.022 Tw /Span<</ActualText<FEFF0053>>> BDC 
-7.316 -1.2 Td
(\032)Tj
EMC 
0.509 0 Td
[(\020)-17(\023\n)-10(\240)-5(\023\t\240)-8(\201)-2(\026)-2(\022\002\005)-8(\t)-10(\023\t)-50(\004)-2(\026)-2(\223)-12(\017)-14(\005)-3(\016)5(\002)-6(\020)-3(\017)-10(\016)-22(\026)]TJ
-0.02 Tc 0.02 Tw -0.509 -1.2 Td
[(\223)-10(\002)2(\022)1(\022\026\n)-8(\017)-17(\017)-17(\240\026\020)2(\013\026\007)4(\013)-5(\006)1(\f)-9(\022)-9(\004\026\223)-10(\002)-4(\020)-8(\r\026\n)-8(\017)-14(\223)-20(\026)]TJ
-0.022 Tc 0.022 Tw T*
[(\202)-7(\021)-1(\002)-7(\240)-12(\017)-14(\022\002)2(\n)-10(\017)-10(\016)-2(\026)-2(\255)-11(\013)-7(\t)-2(\026)-2(\023)-6(\007)-1(\007)-2(\017)-10(\016)9(\016)5(\002\005)-7(\002\022\002)-6(\020)-40(\004)30(\036)-22(\026)]TJ
-0.02 Tc 0.02 Tw T*
[(\247)-2(\013)-5(\223\026\223)-10(\017)-12(\022)1(\022\026\240)-7(\013\026\223)-10(\017\026\006)-9(\017)-17(\017)-18(\020\026\020)-8(\r)-9(\017)-8(\016\017)-20(\026)]TJ
T*
[(\202)-5(\021)1(\002)-5(\240)-10(\017)-12(\022)2(\002)4(\n)-8(\017)-8(\016)15(\245\026\250)-5(\023\016\017)-17(\240\026\013)-5(\n\026\023)2(\n)-20(\026)]TJ
T*
[(\023\016)11(\016\017)-8(\016)11(\016)5(\006)-9(\017)-11(\n)-6(\020\026\013\255\026)]TJ
/Span<</ActualText<FEFF004F>>> BDC 
(\031)Tj
EMC 
6.698 0 Td
