q
0 0 585 765 re
W n
q
/GS0 gs
/Fm0 Do
Q
Q
/CS0 cs 1 1 1  scn
/GS0 gs
37.08 10.26 514.08 16.74 re
f
BT
0 0 0  scn
/GS1 gs
/T1_0 1 Tf
8 0 0 8 37.08 21.048 Tm
(\212\024)Tj
0.04 Tc -0.04 Tw /Span<</ActualText<FEFF000900740068>>> BDC 
[(\026)-3015(\003\247)]TJ
EMC 
(\242)Tj
/Span<</ActualText<FEFF0072>>> BDC 
(\216)Tj
EMC 
(\032)Tj
/Span<</ActualText<FEFF0064>>> BDC 
(\224)Tj
EMC 
(\035)Tj
/Span<</ActualText<FEFF0079>>> BDC 
9.039 0 Td
(\232)Tj
EMC 
(\026\001\033)Tj
/Span<</ActualText<FEFF00620072>>> BDC 
(\250\216)Tj
EMC 
(\242\035)Tj
/Span<</ActualText<FEFF00720079>>> BDC 
(\216\232)Tj
EMC 
(\026\215)Tj
/Span<</ActualText<FEFF0009004F004C0041>>> BDC 
(\026)Tj
19.517 0 Td
(\031\030\035)Tj
EMC 
(\026)Tj
/Span<</ActualText<FEFF0053>>> BDC 
(\032)Tj
EMC 
(\242)Tj
/Span<</ActualText<FEFF0070>>> BDC 
(\235)Tj
EMC 
(\033)Tj
/Span<</ActualText<FEFF0072>>> BDC 
(\216)Tj
EMC 
(\026)Tj
/Span<</ActualText<FEFF0043>>> BDC 
(\034)Tj
EMC 
(\031)Tj
/Span<</ActualText<FEFF006E0066>>> BDC 
(\221\001)Tj
EMC 
(\033)Tj
/Span<</ActualText<FEFF0072>>> BDC 
(\216)Tj
EMC 
(\033)Tj
/Span<</ActualText<FEFF006E>>> BDC 
(\221)Tj
EMC 
(\034\033\026\215\217\220\215)Tj
ET
q
0 0 585 765 re
W n
q
0 g
/GS0 gs
0 Tc 0 Tw /Fm1 Do
Q
/CS0 CS 1 1 1  SCN
3 w 4 M 
/GS0 gs
q 1 0 0 1 525.9023 36.1518 cm
0 0 m
8.582 84.338 0 84.383 v
-8.582 84.428 -18.508 92.26 -18.225 100 c
-17.942 107.74 -7.258 114.958 0 113.149 c
7.258 111.34 -9.435 204.411 0 204.501 c
15.898 204.654 16.016 215.878 15.538 221.86 c
14.818 237.34 -6.062 224.02 0 241.128 c
2.703 248.755 -2.695 328.06 -0.959 333.1 c
0.778 338.14 -18.683 327.7 -19.033 343.18 c
-19.382 358.66 -9.662 356.86 0 354.501 c
5.818 358.3 6.062 450.294 0 448.577 c
-6.062 446.86 -18.302 445.78 -15.345 461.26 c
-12.722 477.82 -5.278 467.183 0 472.501 c
5.278 477.82 -6.178 547.506 0 555.503 c
6.178 563.5 13.378 554.5 14.098 569.62 c
13.738 585.82 6.062 574.862 0 582.141 c
-6.062 589.42 0 638.16 y
S
Q
q 1 0 0 1 424.4023 674.3451 cm
0 0 m
8.582 -84.338 0 -84.383 v
-8.582 -84.428 -18.508 -92.26 -18.225 -100 c
-17.942 -107.74 -7.258 -114.958 0 -113.149 c
7.258 -111.34 -9.435 -204.411 0 -204.501 c
15.898 -204.654 16.016 -215.878 15.538 -221.86 c
14.818 -237.34 -6.062 -224.02 0 -241.128 c
2.703 -248.755 -2.695 -328.06 -0.959 -333.1 c
0.778 -338.14 -18.683 -327.7 -19.033 -343.18 c
-19.382 -358.66 -9.662 -356.86 0 -354.501 c
5.818 -358.3 6.062 -450.294 0 -448.577 c
-6.062 -446.86 -18.302 -445.78 -15.345 -461.26 c
-12.722 -477.82 -5.278 -467.183 0 -472.501 c
5.278 -477.82 -6.178 -547.506 0 -555.503 c
6.178 -563.5 13.378 -554.5 14.098 -569.62 c
13.738 -585.82 6.062 -574.862 0 -582.141 c
-6.062 -589.42 0 -638.16 y
S
Q
q 1 0 0 1 333.5223 674.3451 cm
0 0 m
-8.582 -84.338 0 -84.383 v
8.582 -84.428 18.508 -92.26 18.225 -100 c
17.942 -107.74 7.258 -114.958 0 -113.149 c
-7.258 -111.34 9.435 -204.411 0 -204.501 c
-15.898 -204.654 -16.016 -215.878 -15.538 -221.86 c
-14.818 -237.34 6.062 -224.02 0 -241.128 c
-2.703 -248.755 2.695 -328.06 0.959 -333.1 c
-0.778 -338.14 18.683 -327.7 19.033 -343.18 c
19.382 -358.66 9.662 -356.86 0 -354.501 c
-5.818 -358.3 -6.062 -450.294 0 -448.577 c
6.062 -446.86 18.302 -445.78 15.345 -461.26 c
12.722 -477.82 5.278 -467.183 0 -472.501 c
-5.278 -477.82 6.178 -547.506 0 -555.503 c
-6.178 -563.5 -13.378 -554.5 -14.098 -569.62 c
-13.738 -585.82 -6.062 -574.862 0 -582.141 c
6.062 -589.42 0 -638.16 y
S
Q
q 1 0 0 1 227.0223 36.1518 cm
0 0 m
-8.582 84.338 0 84.383 v
8.582 84.428 18.508 92.26 18.225 100 c
17.942 107.74 7.258 114.958 0 113.149 c
-7.258 111.34 9.435 204.411 0 204.501 c
-15.898 204.654 -16.016 215.878 -15.538 221.86 c
-14.818 237.34 6.062 224.02 0 241.128 c
-2.703 248.755 2.695 328.06 0.959 333.1 c
-0.778 338.14 18.683 327.7 19.033 343.18 c
19.382 358.66 9.662 356.86 0 354.501 c
-5.818 358.3 -6.062 450.294 0 448.577 c
6.062 446.86 18.302 445.78 15.345 461.26 c
12.722 477.82 5.278 467.183 0 472.501 c
-5.278 477.82 6.178 547.506 0 555.503 c
-6.178 563.5 -13.378 554.5 -14.098 569.62 c
-13.738 585.82 -6.062 574.862 0 582.141 c
6.062 589.42 0 638.16 y
S
Q
q 1 0 0 1 147.9023 36.1518 cm
0 0 m
8.582 84.338 0 84.383 v
-8.582 84.428 -18.508 92.26 -18.225 100 c
-17.942 107.74 -7.258 114.958 0 113.149 c
7.258 111.34 -9.435 204.411 0 204.501 c
15.898 204.654 16.016 215.878 15.538 221.86 c
14.818 237.34 -6.062 224.02 0 241.128 c
2.703 248.755 -2.695 328.06 -0.959 333.1 c
0.778 338.14 -18.683 327.7 -19.033 343.18 c
-19.382 358.66 -9.662 356.86 0 354.501 c
5.818 358.3 6.062 450.294 0 448.577 c
-6.062 446.86 -18.302 445.78 -15.345 461.26 c
-12.722 477.82 -5.278 467.183 0 472.501 c
5.278 477.82 -6.178 547.506 0 555.503 c
6.178 563.5 13.378 554.5 14.098 569.62 c
13.738 585.82 6.062 574.862 0 582.141 c
-6.062 589.42 0 638.16 y
S
Q
q 1 0 0 1 64.0223 36.1518 cm
0 0 m
-8.582 84.338 0 84.383 v
8.582 84.428 18.508 92.26 18.225 100 c
17.942 107.74 7.258 114.958 0 113.149 c
-7.258 111.34 9.435 204.411 0 204.501 c
-15.898 204.654 -16.016 215.878 -15.538 221.86 c
-14.818 237.34 6.062 224.02 0 241.128 c
-2.703 248.755 2.695 328.06 0.959 333.1 c
-0.778 338.14 18.683 327.7 19.033 343.18 c
19.382 358.66 9.662 356.86 0 354.501 c
-5.818 358.3 -6.062 450.294 0 448.577 c
6.062 446.86 18.302 445.78 15.345 461.26 c
12.722 477.82 5.278 467.183 0 472.501 c
-5.278 477.82 6.178 547.506 0 555.503 c
-6.178 563.5 -13.378 554.5 -14.098 569.62 c
-13.738 585.82 -6.062 574.862 0 582.141 c
6.062 589.42 0 638.16 y
S
Q
q 1 0 0 1 -53.3451 546.5032 cm
0 0 m
84.338 8.582 84.383 0 v
84.428 -8.582 92.26 -18.508 100 -18.225 c
107.74 -17.942 114.958 -7.258 113.149 0 c
111.34 7.258 204.411 -9.435 204.501 0 c
204.654 15.898 215.878 16.016 221.86 15.538 c
237.34 14.818 224.02 -6.062 241.128 0 c
248.755 2.703 328.06 -2.695 333.1 -0.959 c
338.14 0.778 327.7 -18.683 343.18 -19.033 c
358.66 -19.382 356.86 -9.662 354.501 0 c
358.3 5.818 450.294 6.062 448.577 0 c
446.86 -6.062 445.78 -18.302 461.26 -15.345 c
477.82 -12.722 467.183 -5.278 472.501 0 c
477.82 5.278 547.506 -6.178 555.503 0 c
563.5 6.178 554.5 13.378 569.62 14.098 c
585.82 13.738 574.862 6.062 582.141 0 c
589.42 -6.062 638.16 0 y
S
Q
q 1 0 0 1 584.8481 438.5032 cm
0 0 m
-84.338 8.582 -84.383 0 v
-84.428 -8.582 -92.26 -18.508 -100 -18.225 c
-107.74 -17.942 -114.958 -7.258 -113.149 0 c
-111.34 7.258 -204.411 -9.435 -204.501 0 c
-204.654 15.898 -215.878 16.016 -221.86 15.538 c
-237.34 14.818 -224.02 -6.062 -241.128 0 c
-248.755 2.703 -328.06 -2.695 -333.1 -0.959 c
-338.14 0.778 -327.7 -18.683 -343.18 -19.033 c
-358.66 -19.382 -356.86 -9.662 -354.501 0 c
-358.3 5.818 -450.294 6.062 -448.577 0 c
-446.86 -6.062 -445.78 -18.302 -461.26 -15.345 c
-477.82 -12.722 -467.183 -5.278 -472.501 0 c
-477.82 5.278 -547.506 -6.178 -555.503 0 c
-563.5 6.178 -554.5 13.378 -569.62 14.098 c
-585.82 13.738 -574.862 6.062 -582.141 0 c
-589.42 -6.062 -638.16 0 y
S
Q
q 1 0 0 1 584.8481 313.1232 cm
0 0 m
-84.338 -8.582 -84.383 0 v
-84.428 8.582 -92.26 18.508 -100 18.225 c
-107.74 17.942 -114.958 7.258 -113.149 0 c
-111.34 -7.258 -204.411 9.435 -204.501 0 c
-204.654 -15.898 -215.878 -16.016 -221.86 -15.538 c
-237.34 -14.818 -224.02 6.062 -241.128 0 c
-248.755 -2.703 -328.06 2.695 -333.1 0.959 c
-338.14 -0.778 -327.7 18.683 -343.18 19.033 c
-358.66 19.382 -356.86 9.662 -354.501 0 c
-358.3 -5.818 -450.294 -6.062 -448.577 0 c
-446.86 6.062 -445.78 18.302 -461.26 15.345 c
-477.82 12.722 -467.183 5.278 -472.501 0 c
-477.82 -5.278 -547.506 6.178 -555.503 0 c
-563.5 -6.178 -554.5 -13.378 -569.62 -14.098 c
-585.82 -13.738 -574.862 -6.062 -582.141 0 c
-589.42 6.062 -638.16 0 y
S
Q
q 1 0 0 1 584.8481 195.7914 cm
0 0 m
-84.338 8.582 -84.383 0 v
-84.428 -8.582 -92.26 -18.508 -100 -18.225 c
-107.74 -17.942 -114.958 -7.258 -113.149 0 c
-111.34 7.258 -204.411 -9.435 -204.501 0 c
-204.654 15.898 -215.878 16.016 -221.86 15.538 c
-237.34 14.818 -224.02 -6.062 -241.128 0 c
-248.755 2.703 -328.06 -2.695 -333.1 -0.959 c
-338.14 0.778 -327.7 -18.683 -343.18 -19.033 c
-358.66 -19.382 -356.86 -9.662 -354.501 0 c
-358.3 5.818 -450.294 6.062 -448.577 0 c
-446.86 -6.062 -445.78 -18.302 -461.26 -15.345 c
-477.82 -12.722 -467.183 -5.278 -472.501 0 c
-477.82 5.278 -547.506 -6.178 -555.503 0 c
-563.5 6.178 -554.5 13.378 -569.62 14.098 c
-585.82 13.738 -574.862 6.062 -582.141 0 c
-589.42 -6.062 -638.16 0 y
S
Q
q 1 0 0 1 -53.3451 84.4527 cm
0 0 m
84.338 8.582 84.383 0 v
84.428 -8.582 92.26 -18.508 100 -18.225 c
107.74 -17.942 114.958 -7.258 113.149 0 c
111.34 7.258 204.411 -9.435 204.501 0 c
204.654 15.898 215.878 16.016 221.86 15.538 c
237.34 14.818 224.02 -6.062 241.128 0 c
248.755 2.703 328.06 -2.695 333.1 -0.959 c
338.14 0.778 327.7 -18.683 343.18 -19.033 c
358.66 -19.382 356.86 -9.662 354.501 0 c
358.3 5.818 450.294 6.062 448.577 0 c
446.86 -6.062 445.78 -18.302 461.26 -15.345 c
477.82 -12.722 467.183 -5.278 472.501 0 c
477.82 5.278 547.506 -6.178 555.503 0 c
563.5 6.178 554.5 13.378 569.62 14.098 c
585.82 13.738 574.862 6.062 582.141 0 c
589.42 -6.062 638.16 0 y
S
Q
Q
1 1 1  scn
/GS0 gs
434.14 69.388 72 90 re
f
q
434.14 69.388 72 90 re
W n
q
73.9199982 0 0 91.9199982 433.0198975 68.5081177 cm
/Im0 Do
Q
Q
/CS0 CS 1 1 1  SCN
4 M 
434.14 69.388 72 90 re
S
BT
0 0 0  scn
/GS1 gs
/T1_0 1 Tf
0 Tc 0 Tw 7.5 0 0 7.5 434.1399 58.0808 Tm
(\216\013\202\017\t\026\221\017\205\002\n\201\026)Tj
/T1_1 1 Tf
(\210\004\211)Tj
ET
1 1 1  scn
/GS0 gs
344.86 69.388 72 90 re
f
q
344.86 69.388 72 90 re
W n
q
72.9600067 0 0 90.9599915 344.8599243 68.4281311 cm
/Im1 Do
Q
Q
344.86 69.388 72 90 re
S
BT
0 0 0  scn
/GS1 gs
/T1_0 1 Tf
/Span<</ActualText<FEFF004D>>> BDC 
7.5 0 0 7.5 344.8599 58.0808 Tm
(\027)Tj
EMC 
(\023\t\020\r\023\026)Tj
/Span<</ActualText<FEFF004D>>> BDC 
(\027)Tj
EMC 
(\023\t\020\002\n\026)Tj
/T1_1 1 Tf
(\210\004\210)Tj
ET
1 1 1  scn
/GS0 gs
255.58 69.388 72 90 re
f
q
255.58 69.388 72 90 re
W n
q
72.9600067 0 0 90.9599915 255.5799561 68.4281311 cm
/Im2 Do
Q
Q
255.58 69.388 72 90 re
S
BT
0 0 0  scn
/GS1 gs
/T1_0 1 Tf
/Span<</ActualText<FEFF0041>>> BDC 
7.5 0 0 7.5 255.5799 58.0808 Tm
(\035)Tj
EMC 
(\n\n\017\026)Tj
/Span<</ActualText<FEFF004F>>> BDC 
(\031)Tj
EMC 
(\244)Tj
/Span<</ActualText<FEFF0053>>> BDC 
(\032)Tj
EMC 
(\021\022\022\002\205\023\n\200)Tj
/Span<</ActualText<FEFF0043>>> BDC 
0 -1.2 TD
(\034)Tj
EMC 
0.58 0 Td
(\013\016\020\017\022\022\013\026)Tj
/T1_1 1 Tf
(\210\004\001)Tj
ET
1 1 1  scn
/GS0 gs
166.3 69.388 72 90 re
f
q
166.3 69.388 72 90 re
W n
q
72.9600067 0 0 90.9599915 166.2999268 68.4281311 cm
/Im3 Do
Q
Q
166.3 69.388 72 90 re
S
BT
0 0 0  scn
/GS1 gs
/T1_0 1 Tf
/Span<</ActualText<FEFF0041>>> BDC 
7.5 0 0 7.5 166.2999 58.0808 Tm
(\035)Tj
EMC 
(\n\202\017\022\002\n\023\026\235\002\241\241\002\t\021\016\016\013\026)Tj
/T1_1 1 Tf
T*
(\210\004\001)Tj
ET
1 1 1  scn
/GS0 gs
77.02 69.388 72 90 re
f
q
77.02 69.388 72 90 re
W n
q
72.9600067 0 0 90.9599915 77.0199585 68.4281311 cm
/Im4 Do
Q
Q
77.02 69.388 72 90 re
S
BT
0 0 0  scn
/GS1 gs
/T1_0 1 Tf
/Span<</ActualText<FEFF004C>>> BDC 
7.5 0 0 7.5 77.0199 58.0808 Tm
(\030)Tj
EMC 
[(\017\016\022\002\017\026\003)100(\021\006\023\n\202\240\023\004\026)]TJ
/T1_1 1 Tf
(\210\004\207)Tj
ET
1 1 1  scn
/GS0 gs
77.02 189.614 72 90 re
f
q
77.02 189.614 72 90 re
W n
q
72.9600067 0 0 90.9599915 77.0199585 188.653717 cm
/Im5 Do
Q
Q
77.02 189.614 72 90 re
S
BT
0 0 0  scn
/GS1 gs
/T1_0 1 Tf
/Span<</ActualText<FEFF0041>>> BDC 
7.5 0 0 7.5 77.0199 178.3064 Tm
(\035)Tj
EMC 
(\n\n\017\026\224\013\t\016\017\004\026)Tj
/T1_1 1 Tf
(\210\004\004)Tj
ET
1 1 1  scn
/GS0 gs
166.3 189.614 72 90 re
f
q
166.3 189.614 72 90 re
W n
q
72.9600067 0 0 90.9599915 166.2999268 188.653717 cm
/Im6 Do
Q
Q
166.3 189.614 72 90 re
S
BT
0 0 0  scn
/GS1 gs
/T1_0 1 Tf
/Span<</ActualText<FEFF004D>>> BDC 
7.5 0 0 7.5 166.2999 178.3064 Tm
(\027)Tj
EMC 
(\002\007\r\017\022\022\017\026)Tj
/Span<</ActualText<FEFF0057>>> BDC 
(\037)Tj
EMC 
4.575 0 Td
(\017\002\n\005\017\t\202\026)Tj
/T1_1 1 Tf
(\210\004\004)Tj
ET
1 1 1  scn
/GS0 gs
255.58 189.614 72 90 re
f
q
255.58 189.614 72 90 re
W n
q
73.9199982 0 0 91.9199982 254.5399628 188.8137054 cm
/Im7 Do
Q
Q
255.58 189.614 72 90 re
S
BT
0 0 0  scn
/GS1 gs
/T1_0 1 Tf
7.5 0 0 7.5 255.5799 178.3064 Tm
(\221\013\t\006\023\026\250\t\021\005\023\007\r\017\t\026)Tj
/T1_1 1 Tf
(\210\004\004)Tj
ET
1 1 1  scn
/GS0 gs
344.86 189.614 72 90 re
f
q
344.86 189.614 72 90 re
W n
q
73.9199982 0 0 91.9199982 343.7799377 188.7337189 cm
/Im8 Do
Q
Q
344.86 189.614 72 90 re
S
BT
0 0 0  scn
/GS1 gs
/T1_0 1 Tf
/Span<</ActualText<FEFF0053>>> BDC 
7.5 0 0 7.5 344.8599 178.3064 Tm
(\032)Tj
EMC 
(\023\n\240\t\023\026)Tj
/Span<</ActualText<FEFF005A>>> BDC 
(\251)Tj
EMC 
(\002\017\006\n\002\023\026)Tj
/T1_1 1 Tf
(\210\004\203)Tj
ET
1 1 1  scn
/GS0 gs
434.14 189.614 72 90 re
f
q
434.14 189.614 72 90 re
W n
q
73.9199982 0 0 91.9199982 433.0198975 188.7736969 cm
/Im9 Do
Q
Q
434.14 189.614 72 90 re
S
BT
0 0 0  scn
/GS1 gs
/T1_0 1 Tf
/Span<</ActualText<FEFF0043>>> BDC 
7.5 0 0 7.5 434.1399 178.3064 Tm
(\034)Tj
EMC 
(\r\t\002\016\020\002\n\017\026)Tj
/Span<</ActualText<FEFF004F>>> BDC 
(\031)Tj
EMC 
(\013\016\020\017\t\r\013\255\026)Tj
/T1_1 1 Tf
T*
(\210\004\207)Tj
ET
1 1 1  scn
/GS0 gs
434.14 309.839 72 90 re
f
q
434.14 309.839 72 90 re
W n
q
72.9600067 0 0 91.9199982 434.1398926 308.9593353 cm
/Im10 Do
Q
Q
434.14 309.839 72 90 re
S
BT
0 0 0  scn
/GS1 gs
/T1_0 1 Tf
/Span<</ActualText<FEFF004D>>> BDC 
7.5 0 0 7.5 434.1399 298.532 Tm
(\027)Tj
EMC 
(\017\022\023\n\002\017\026\246\002\n\240\t\023\007\r\021\026)Tj
/T1_1 1 Tf
T*
(\210\004\002)Tj
ET
1 1 1  scn
/GS0 gs
344.86 309.839 72 90 re
f
q
344.86 309.839 72 90 re
W n
q
72.9600067 0 0 91.9199982 344.8599243 308.9593353 cm
/Im11 Do
Q
Q
344.86 309.839 72 90 re
S
BT
0 0 0  scn
/GS1 gs
/T1_0 1 Tf
/Span<</ActualText<FEFF0041>>> BDC 
7.5 0 0 7.5 344.8599 298.532 Tm
(\035)Tj
EMC 
(\n\n\017\026)Tj
/Span<</ActualText<FEFF004D>>> BDC 
(\027)Tj
EMC 
(\023\t\002\017\026\247\017\007\006\023\n\026)Tj
/T1_1 1 Tf
T*
(\210\004\002)Tj
ET
1 1 1  scn
/GS0 gs
255.58 309.839 72 90 re
f
q
255.58 309.839 72 90 re
W n
q
72.9600067 0 0 90.9599915 255.5799561 308.8793335 cm
/Im12 Do
Q
Q
255.58 309.839 72 90 re
S
BT
0 0 0  scn
/GS1 gs
/T1_0 1 Tf
/Span<</ActualText<FEFF0053>>> BDC 
7.5 0 0 7.5 255.5799 298.532 Tm
(\032)Tj
EMC 
(\007\013\020\020\026\214\t\023\r\023\006\026)Tj
/T1_1 1 Tf
(\210\004\003)Tj
ET
1 1 1  scn
/GS0 gs
166.3 309.839 72 90 re
f
q
166.3 309.839 72 90 re
W n
q
72.9600067 0 0 91.9199982 166.2999268 308.9593353 cm
/Im13 Do
Q
Q
166.3 309.839 72 90 re
S
BT
0 0 0  scn
/GS1 gs
/T1_0 1 Tf
/Span<</ActualText<FEFF0041>>> BDC 
7.5 0 0 7.5 166.2999 298.532 Tm
(\035)Tj
EMC 
(\n\240\t\017\026\214\023\202\n\013\n\026)Tj
/T1_1 1 Tf
(\210\004\003)Tj
ET
1 1 1  scn
/GS0 gs
77.02 309.839 72 90 re
f
q
77.02 309.839 72 90 re
W n
q
72 0 0 91.2676086 77.0199585 309.6229248 cm
/Im14 Do
Q
Q
77.02 309.839 72 90 re
S
BT
0 0 0  scn
/GS1 gs
/T1_0 1 Tf
/Span<</ActualText<FEFF0053>>> BDC 
7.5 0 0 7.5 77.0199 298.532 Tm
(\032)Tj
EMC 
(\r\023\t\013\n\026)Tj
/Span<</ActualText<FEFF004D>>> BDC 
(\027)Tj
EMC 
(\002\022\022\016\026)Tj
/T1_1 1 Tf
(\210\002\203)Tj
/T1_0 1 Tf
/Span<</ActualText<FEFF0041>>> BDC 
0 16.03 TD
(\035)Tj
EMC 
(\n\n\002\017\026\250\017\022\023\n\202\017\t\026)Tj
/T1_1 1 Tf
(\210\002\002)Tj
ET
1 1 1  scn
/GS0 gs
77.02 430.065 72 90 re
f
q
77.02 430.225 72 89.84 re
W n
q
72.9600067 0 0 90.9599915 77.0199585 430.2249451 cm
/Im15 Do
Q
Q
77.02 430.065 72 90 re
S
BT
0 0 0  scn
/GS1 gs
/T1_0 1 Tf
7.5 0 0 7.5 255.5799 418.7576 Tm
(\214\t\023\r\023\006\026)Tj
/Span<</ActualText<FEFF004D>>> BDC 
(\027)Tj
EMC 
(\007)Tj
/Span<</ActualText<FEFF0043>>> BDC 
(\034)Tj
EMC 
5.527 0 Td
(\023\t\020\r\004\026)Tj
/T1_1 1 Tf
(\210\002\207)Tj
/T1_0 1 Tf
/Span<</ActualText<FEFF004D>>> BDC 
-17.431 0 Td
(\027)Tj
EMC 
(\023\t\002\023\n\026\224\023\205\002\017\016\026)Tj
/T1_1 1 Tf
(\210\002\002)Tj
ET
1 1 1  scn
/GS0 gs
166.3 430.065 72 90 re
f
q
166.3 430.065 72 90 re
W n
q
73.9199982 0 0 92.1600037 165.2199249 429.1049652 cm
/Im16 Do
Q
Q
166.3 430.065 72 90 re
S
255.58 430.065 72 90 re
f
q
255.58 430.065 72 90 re
W n
q
72.9600067 0 0 92.1600037 255.5799561 429.1449432 cm
/Im17 Do
Q
Q
255.58 430.065 72 90 re
S
BT
0 0 0  scn
/GS1 gs
/T1_0 1 Tf
/Span<</ActualText<FEFF0043>>> BDC 
7.5 0 0 7.5 344.8599 418.7576 Tm
(\034)Tj
EMC 
(\r\t\002\016\020\002\n\023\026\247\223\023\n\202\026)Tj
/T1_1 1 Tf
(\210\002\001)Tj
ET
1 1 1  scn
/GS0 gs
344.86 430.065 72 90 re
f
q
344.86 430.065 72 90 re
W n
q
72.9600067 0 0 90.9599915 344.8599243 429.10495 cm
/Im18 Do
Q
Q
344.86 430.065 72 90 re
S
BT
0 0 0  scn
/GS1 gs
/T1_0 1 Tf
7.5 0 0 7.5 434.1399 418.7576 Tm
(\243\013\023\n\n\023\026)Tj
/Span<</ActualText<FEFF0053>>> BDC 
(\032)Tj
EMC 
(\241\021\t\006\023\026)Tj
/T1_1 1 Tf
(\210\002\001)Tj
ET
1 1 1  scn
/GS0 gs
434.14 430.065 72 90 re
f
q
434.14 430.065 72 90 re
W n
q
72.9600067 0 0 91.9199982 434.1398926 429.2249603 cm
/Im19 Do
Q
Q
434.14 430.065 72 90 re
S
BT
0 0 0  scn
/GS1 gs
/T1_0 1 Tf
/Span<</ActualText<FEFF0041>>> BDC 
7.5 0 0 7.5 434.1399 538.9832 Tm
(\035)Tj
EMC 
(\202\n\017\016\026)Tj
/Span<</ActualText<FEFF005A>>> BDC 
(\251)Tj
EMC 
(\002\017\n\020\023\t\016\023\200\246\023\004\013\026)Tj
/T1_1 1 Tf
0 -1.2 TD
(\210\002\002)Tj
ET
1 1 1  scn
/GS0 gs
434.14 550.291 72 90 re
f
q
434.14 550.291 72 90 re
W n
q
72.9600067 0 0 91.9199982 434.0198975 549.4105072 cm
/Im20 Do
Q
Q
434.14 550.291 72 90 re
S
BT
0 0 0  scn
/GS1 gs
/T1_0 1 Tf
7.5 0 0 7.5 344.8599 538.9832 Tm
(\243\017\023\n\n\017\026\250\021\007\022\017\004\026)Tj
/T1_1 1 Tf
(\210\003\213)Tj
ET
1 1 1  scn
/GS0 gs
344.86 550.291 72 90 re
f
q
344.86 550.291 72 90 re
W n
q
72.9600067 0 0 90.9599915 344.8599243 549.3305359 cm
/Im21 Do
Q
Q
344.86 550.291 72 90 re
S
BT
0 0 0  scn
/GS1 gs
/T1_0 1 Tf
7.5 0 0 7.5 255.5799 538.9832 Tm
(\224\002\023\n\017\026\224\013\t\023\n\026)Tj
/T1_1 1 Tf
(\210\003\211)Tj
ET
1 1 1  scn
/GS0 gs
255.58 550.291 72 90 re
f
q
255.58 550.291 72 90 re
W n
q
73.9199982 0 0 92.1600037 254.5799561 549.3705292 cm
/Im22 Do
Q
Q
255.58 550.291 72 90 re
S
BT
0 0 0  scn
/GS1 gs
/T1_0 1 Tf
/Span<</ActualText<FEFF0053>>> BDC 
7.5 0 0 7.5 166.2999 538.9832 Tm
(\032)Tj
EMC 
(\023\022\022\004\026\216\017\017\240\026)Tj
/T1_1 1 Tf
(\210\003\001)Tj
ET
1 1 1  scn
/GS0 gs
166.3 550.291 72 90 re
f
q
166.3 550.291 72 90 re
W n
q
73.9199982 0 0 91.9199982 165.2599335 549.403244 cm
/Im23 Do
Q
Q
166.3 550.291 72 90 re
S
BT
0 0 0  scn
/GS1 gs
/T1_0 1 Tf
7.5 0 0 7.5 77.0199 538.9832 Tm
(\221\002\007\013\022\017\026\235\023\020\017\t\016\013\n\026)Tj
/T1_1 1 Tf
(\210\003\207)Tj
ET
1 1 1  scn
/GS0 gs
77.02 550.291 72 90 re
f
q
77.02 550.291 72 90 re
W n
q
73.9199982 0 0 90.9599915 75.8999634 549.3305359 cm
/Im24 Do
Q
Q
77.02 550.291 72 90 re
S
