q
0 0 585 765 re
W n
q
/GS0 gs
/Fm0 Do
Q
Q
BT
/CS0 cs 0 0 0  scn
/GS1 gs
/T1_0 1 Tf
/Span<</ActualText<FEFF0009>>> BDC 
10 0 0 10 36 19.56 Tm
(\026)Tj
EMC 
0.04 Tc -0.04 Tw 8 0 0 8 214 19.56 Tm
[(\037)40(\037)40(\037)150(\036)40(\035)40(\034)40(\034)40(\033)40(\032)40(\032)40(\031)40(\030)40(\035)40(\036)40(\034)40(\031)40(\027)]TJ
/Span<</ActualText<FEFF000900740068>>> BDC 
10.495 0 Td
(\026)Tj
15.527 0 Td
(\003\247)Tj
EMC 
(\242)Tj
/Span<</ActualText<FEFF0072>>> BDC 
(\216)Tj
EMC 
(\032)Tj
/Span<</ActualText<FEFF0064>>> BDC 
(\224)Tj
EMC 
(\035)Tj
/Span<</ActualText<FEFF0079>>> BDC 
4.664 0 Td
(\232)Tj
EMC 
(\026\001\033)Tj
/Span<</ActualText<FEFF00620072>>> BDC 
(\250\216)Tj
EMC 
(\242\035)Tj
/Span<</ActualText<FEFF00720079>>> BDC 
(\216\232)Tj
EMC 
(\026\215)Tj
/Span<</ActualText<FEFF0009>>> BDC 
(\026)Tj
EMC 
10.329 0 Td
[(\206)40(\206)]TJ
ET
q
0 0 585 765 re
W n
q
0 g
/GS0 gs
0 Tc 0 Tw /Fm1 Do
Q
/CS0 CS 1 1 1  SCN
3 w 4 M 
/GS0 gs
q 1 0 0 1 -59.0977 36.1518 cm
0 0 m
8.582 84.338 0 84.383 v
-8.582 84.428 -18.508 92.26 -18.225 100 c
-17.942 107.74 -7.258 114.958 0 113.149 c
7.258 111.34 -9.435 204.411 0 204.501 c
15.898 204.654 16.016 215.878 15.538 221.86 c
14.818 237.34 -6.062 224.02 0 241.128 c
2.703 248.755 -2.695 328.06 -0.959 333.1 c
0.778 338.14 -18.683 327.7 -19.033 343.18 c
-19.382 358.66 -9.662 356.86 0 354.501 c
5.818 358.3 6.062 450.294 0 448.577 c
-6.062 446.86 -18.302 445.78 -15.345 461.26 c
-12.722 477.82 -5.278 467.183 0 472.501 c
5.278 477.82 -6.178 547.506 0 555.503 c
6.178 563.5 13.378 554.5 14.098 569.62 c
13.738 585.82 6.062 574.862 0 582.141 c
-6.062 589.42 0 638.16 y
S
Q
q 1 0 0 1 -160.5977 674.3451 cm
0 0 m
8.582 -84.338 0 -84.383 v
-8.582 -84.428 -18.508 -92.26 -18.225 -100 c
-17.942 -107.74 -7.258 -114.958 0 -113.149 c
7.258 -111.34 -9.435 -204.411 0 -204.501 c
15.898 -204.654 16.016 -215.878 15.538 -221.86 c
14.818 -237.34 -6.062 -224.02 0 -241.128 c
2.703 -248.755 -2.695 -328.06 -0.959 -333.1 c
0.778 -338.14 -18.683 -327.7 -19.033 -343.18 c
-19.382 -358.66 -9.662 -356.86 0 -354.501 c
5.818 -358.3 6.062 -450.294 0 -448.577 c
-6.062 -446.86 -18.302 -445.78 -15.345 -461.26 c
-12.722 -477.82 -5.278 -467.183 0 -472.501 c
5.278 -477.82 -6.178 -547.506 0 -555.503 c
6.178 -563.5 13.378 -554.5 14.098 -569.62 c
13.738 -585.82 6.062 -574.862 0 -582.141 c
-6.062 -589.42 0 -638.16 y
S
Q
q 1 0 0 1 -251.4777 674.3451 cm
0 0 m
-8.582 -84.338 0 -84.383 v
8.582 -84.428 18.508 -92.26 18.225 -100 c
17.942 -107.74 7.258 -114.958 0 -113.149 c
-7.258 -111.34 9.435 -204.411 0 -204.501 c
-15.898 -204.654 -16.016 -215.878 -15.538 -221.86 c
-14.818 -237.34 6.062 -224.02 0 -241.128 c
-2.703 -248.755 2.695 -328.06 0.959 -333.1 c
-0.778 -338.14 18.683 -327.7 19.033 -343.18 c
19.382 -358.66 9.662 -356.86 0 -354.501 c
-5.818 -358.3 -6.062 -450.294 0 -448.577 c
6.062 -446.86 18.302 -445.78 15.345 -461.26 c
12.722 -477.82 5.278 -467.183 0 -472.501 c
-5.278 -477.82 6.178 -547.506 0 -555.503 c
-6.178 -563.5 -13.378 -554.5 -14.098 -569.62 c
-13.738 -585.82 -6.062 -574.862 0 -582.141 c
6.062 -589.42 0 -638.16 y
S
Q
q 1 0 0 1 -357.9777 36.1518 cm
0 0 m
-8.582 84.338 0 84.383 v
8.582 84.428 18.508 92.26 18.225 100 c
17.942 107.74 7.258 114.958 0 113.149 c
-7.258 111.34 9.435 204.411 0 204.501 c
-15.898 204.654 -16.016 215.878 -15.538 221.86 c
-14.818 237.34 6.062 224.02 0 241.128 c
-2.703 248.755 2.695 328.06 0.959 333.1 c
-0.778 338.14 18.683 327.7 19.033 343.18 c
19.382 358.66 9.662 356.86 0 354.501 c
-5.818 358.3 -6.062 450.294 0 448.577 c
6.062 446.86 18.302 445.78 15.345 461.26 c
12.722 477.82 5.278 467.183 0 472.501 c
-5.278 477.82 6.178 547.506 0 555.503 c
-6.178 563.5 -13.378 554.5 -14.098 569.62 c
-13.738 585.82 -6.062 574.862 0 582.141 c
6.062 589.42 0 638.16 y
S
Q
q 1 0 0 1 -437.0977 36.1518 cm
0 0 m
8.582 84.338 0 84.383 v
-8.582 84.428 -18.508 92.26 -18.225 100 c
-17.942 107.74 -7.258 114.958 0 113.149 c
7.258 111.34 -9.435 204.411 0 204.501 c
15.898 204.654 16.016 215.878 15.538 221.86 c
14.818 237.34 -6.062 224.02 0 241.128 c
2.703 248.755 -2.695 328.06 -0.959 333.1 c
0.778 338.14 -18.683 327.7 -19.033 343.18 c
-19.382 358.66 -9.662 356.86 0 354.501 c
5.818 358.3 6.062 450.294 0 448.577 c
-6.062 446.86 -18.302 445.78 -15.345 461.26 c
-12.722 477.82 -5.278 467.183 0 472.501 c
5.278 477.82 -6.178 547.506 0 555.503 c
6.178 563.5 13.378 554.5 14.098 569.62 c
13.738 585.82 6.062 574.862 0 582.141 c
-6.062 589.42 0 638.16 y
S
Q
q 1 0 0 1 -520.9777 36.1518 cm
0 0 m
-8.582 84.338 0 84.383 v
8.582 84.428 18.508 92.26 18.225 100 c
17.942 107.74 7.258 114.958 0 113.149 c
-7.258 111.34 9.435 204.411 0 204.501 c
-15.898 204.654 -16.016 215.878 -15.538 221.86 c
-14.818 237.34 6.062 224.02 0 241.128 c
-2.703 248.755 2.695 328.06 0.959 333.1 c
-0.778 338.14 18.683 327.7 19.033 343.18 c
19.382 358.66 9.662 356.86 0 354.501 c
-5.818 358.3 -6.062 450.294 0 448.577 c
6.062 446.86 18.302 445.78 15.345 461.26 c
12.722 477.82 5.278 467.183 0 472.501 c
-5.278 477.82 6.178 547.506 0 555.503 c
-6.178 563.5 -13.378 554.5 -14.098 569.62 c
-13.738 585.82 -6.062 574.862 0 582.141 c
6.062 589.42 0 638.16 y
S
Q
q 1 0 0 1 -638.3451 546.5032 cm
0 0 m
84.338 8.582 84.383 0 v
84.428 -8.582 92.26 -18.508 100 -18.225 c
107.74 -17.942 114.958 -7.258 113.149 0 c
111.34 7.258 204.411 -9.435 204.501 0 c
204.654 15.898 215.878 16.016 221.86 15.538 c
237.34 14.818 224.02 -6.062 241.128 0 c
248.755 2.703 328.06 -2.695 333.1 -0.959 c
338.14 0.778 327.7 -18.683 343.18 -19.033 c
358.66 -19.382 356.86 -9.662 354.501 0 c
358.3 5.818 450.294 6.062 448.577 0 c
446.86 -6.062 445.78 -18.302 461.26 -15.345 c
477.82 -12.722 467.183 -5.278 472.501 0 c
477.82 5.278 547.506 -6.178 555.503 0 c
563.5 6.178 554.5 13.378 569.62 14.098 c
585.82 13.738 574.862 6.062 582.141 0 c
589.42 -6.062 638.16 0 y
S
Q
q 1 0 0 1 -0.1518 438.5032 cm
0 0 m
-84.338 8.582 -84.383 0 v
-84.428 -8.582 -92.26 -18.508 -100 -18.225 c
-107.74 -17.942 -114.958 -7.258 -113.149 0 c
-111.34 7.258 -204.411 -9.435 -204.501 0 c
-204.654 15.898 -215.878 16.016 -221.86 15.538 c
-237.34 14.818 -224.02 -6.062 -241.128 0 c
-248.755 2.703 -328.06 -2.695 -333.1 -0.959 c
-338.14 0.778 -327.7 -18.683 -343.18 -19.033 c
-358.66 -19.382 -356.86 -9.662 -354.501 0 c
-358.3 5.818 -450.294 6.062 -448.577 0 c
-446.86 -6.062 -445.78 -18.302 -461.26 -15.345 c
-477.82 -12.722 -467.183 -5.278 -472.501 0 c
-477.82 5.278 -547.506 -6.178 -555.503 0 c
-563.5 6.178 -554.5 13.378 -569.62 14.098 c
-585.82 13.738 -574.862 6.062 -582.141 0 c
-589.42 -6.062 -638.16 0 y
S
Q
q 1 0 0 1 -0.1518 313.1232 cm
0 0 m
-84.338 -8.582 -84.383 0 v
-84.428 8.582 -92.26 18.508 -100 18.225 c
-107.74 17.942 -114.958 7.258 -113.149 0 c
-111.34 -7.258 -204.411 9.435 -204.501 0 c
-204.654 -15.898 -215.878 -16.016 -221.86 -15.538 c
-237.34 -14.818 -224.02 6.062 -241.128 0 c
-248.755 -2.703 -328.06 2.695 -333.1 0.959 c
-338.14 -0.778 -327.7 18.683 -343.18 19.033 c
-358.66 19.382 -356.86 9.662 -354.501 0 c
-358.3 -5.818 -450.294 -6.062 -448.577 0 c
-446.86 6.062 -445.78 18.302 -461.26 15.345 c
-477.82 12.722 -467.183 5.278 -472.501 0 c
-477.82 -5.278 -547.506 6.178 -555.503 0 c
-563.5 -6.178 -554.5 -13.378 -569.62 -14.098 c
-585.82 -13.738 -574.862 -6.062 -582.141 0 c
-589.42 6.062 -638.16 0 y
S
Q
q 1 0 0 1 -0.1518 195.7914 cm
0 0 m
-84.338 8.582 -84.383 0 v
-84.428 -8.582 -92.26 -18.508 -100 -18.225 c
-107.74 -17.942 -114.958 -7.258 -113.149 0 c
-111.34 7.258 -204.411 -9.435 -204.501 0 c
-204.654 15.898 -215.878 16.016 -221.86 15.538 c
-237.34 14.818 -224.02 -6.062 -241.128 0 c
-248.755 2.703 -328.06 -2.695 -333.1 -0.959 c
-338.14 0.778 -327.7 -18.683 -343.18 -19.033 c
-358.66 -19.382 -356.86 -9.662 -354.501 0 c
-358.3 5.818 -450.294 6.062 -448.577 0 c
-446.86 -6.062 -445.78 -18.302 -461.26 -15.345 c
-477.82 -12.722 -467.183 -5.278 -472.501 0 c
-477.82 5.278 -547.506 -6.178 -555.503 0 c
-563.5 6.178 -554.5 13.378 -569.62 14.098 c
-585.82 13.738 -574.862 6.062 -582.141 0 c
-589.42 -6.062 -638.16 0 y
S
Q
q 1 0 0 1 -638.3451 84.4527 cm
0 0 m
84.338 8.582 84.383 0 v
84.428 -8.582 92.26 -18.508 100 -18.225 c
107.74 -17.942 114.958 -7.258 113.149 0 c
111.34 7.258 204.411 -9.435 204.501 0 c
204.654 15.898 215.878 16.016 221.86 15.538 c
237.34 14.818 224.02 -6.062 241.128 0 c
248.755 2.703 328.06 -2.695 333.1 -0.959 c
338.14 0.778 327.7 -18.683 343.18 -19.033 c
358.66 -19.382 356.86 -9.662 354.501 0 c
358.3 5.818 450.294 6.062 448.577 0 c
446.86 -6.062 445.78 -18.302 461.26 -15.345 c
477.82 -12.722 467.183 -5.278 472.501 0 c
477.82 5.278 547.506 -6.178 555.503 0 c
563.5 6.178 554.5 13.378 569.62 14.098 c
585.82 13.738 574.862 6.062 582.141 0 c
589.42 -6.062 638.16 0 y
S
Q
Q
1 1 1  scn
/GS0 gs
82.53 58.339 72 90 re
f
q
82.53 58.339 72 90 re
W n
q
72.9600067 0 0 90.9599915 82.5300293 57.3786316 cm
/Im0 Do
Q
Q
/CS0 CS 1 1 1  SCN
4 M 
82.53 58.339 72 90 re
S
BT
0 0 0  scn
/GS1 gs
/T1_0 1 Tf
0 Tc 0 Tw /Span<</ActualText<FEFF0043>>> BDC 
7.5 0 0 7.5 82.53 47.0313 Tm
(\034)Tj
EMC 
0.575 0 Td
(\023\020\r\017\t\002\n\017\026\247\023\t\t\002\016\026)Tj
/T1_1 1 Tf
(\207\004\210)Tj
ET
1 1 1  scn
/GS0 gs
171.81 58.339 72 90 re
f
q
171.81 58.339 72 90 re
W n
q
72.9600067 0 0 90.9599915 171.8099976 57.3786316 cm
/Im1 Do
Q
Q
171.81 58.339 72 90 re
S
BT
0 0 0  scn
/GS1 gs
/T1_0 1 Tf
/Span<</ActualText<FEFF004D>>> BDC 
7.5 0 0 7.5 171.81 47.0313 Tm
(\027)Tj
EMC 
(\023\t\004\026\247\002\007\017\004\026)Tj
/T1_1 1 Tf
(\207\004\211)Tj
ET
1 1 1  scn
/GS0 gs
261.09 58.339 72 90 re
f
q
261.09 58.339 72 90 re
W n
q
72.9600067 0 0 91.9199982 261.0900269 57.4586182 cm
/Im2 Do
Q
Q
261.09 58.339 72 90 re
S
BT
0 0 0  scn
/GS1 gs
/T1_0 1 Tf
/Span<</ActualText<FEFF004D>>> BDC 
7.5 0 0 7.5 261.09 47.0313 Tm
(\027)Tj
EMC 
(\017\022\002\016\016\023\026)Tj
/Span<</ActualText<FEFF004D>>> BDC 
(\027)Tj
EMC 
(\021\t\t\023\004\026)Tj
/T1_1 1 Tf
(\207\004\212)Tj
ET
1 1 1  scn
/GS0 gs
350.37 58.339 72 90 re
f
q
350.37 58.339 72 90 re
W n
q
73.9199982 0 0 91.9199982 349.3299866 57.53862 cm
/Im3 Do
Q
Q
350.37 58.339 72 90 re
S
BT
0 0 0  scn
/GS1 gs
/T1_0 1 Tf
7.5 0 0 7.5 350.37 47.0313 Tm
(\235\023\020\026)Tj
/Span<</ActualText<FEFF0057>>> BDC 
(\037)Tj
EMC 
(\r\002\020\017\r\013\021\016\017\026)Tj
/T1_1 1 Tf
(\207\004\212)Tj
ET
1 1 1  scn
/GS0 gs
439.65 58.339 72 90 re
f
q
439.65 58.339 72 90 re
W n
q
73.9199982 0 0 91.9199982 438.6100159 57.5786285 cm
/Im4 Do
Q
Q
439.65 58.339 72 90 re
S
BT
0 0 0  scn
/GS1 gs
/T1_0 1 Tf
7.5 0 0 7.5 439.65 47.0313 Tm
(\003\002\006\026\214\023\021\n\020\022\017\004\026)Tj
/T1_1 1 Tf
(\207\004\213)Tj
ET
1 1 1  scn
/GS0 gs
439.65 178.564 72 90 re
f
q
439.65 178.564 72 90 re
W n
q
72.9600067 0 0 91.9199982 439.6500244 177.7242279 cm
/Im5 Do
Q
Q
439.65 178.564 72 90 re
S
BT
0 0 0  scn
/GS1 gs
/T1_0 1 Tf
/Span<</ActualText<FEFF0053>>> BDC 
7.5 0 0 7.5 439.65 167.257 Tm
(\032)Tj
EMC 
(\002\006\013\n\017\026\221\002\017\021\223\013\022\020\026)Tj
/Span<</ActualText<FEFF0057>>> BDC 
(\037)Tj
EMC 
(\r\002\020\017\026)Tj
/T1_1 1 Tf
0 -1.2 TD
(\207\004\001)Tj
ET
1 1 1  scn
/GS0 gs
350.37 178.564 72 90 re
f
q
350.37 178.564 72 90 re
W n
q
72.9600067 0 0 92.1600037 350.3699951 177.6442413 cm
/Im6 Do
Q
Q
350.37 178.564 72 90 re
S
BT
0 0 0  scn
/GS1 gs
/T1_0 1 Tf
/Span<</ActualText<FEFF0043>>> BDC 
7.5 0 0 7.5 350.37 167.257 Tm
(\034)Tj
EMC 
(\r\t\002\016\020\002\n\017\026)Tj
/Span<</ActualText<FEFF004C>>> BDC 
(\030)Tj
EMC 
(\023\005\017\022\022\017\026)Tj
/T1_1 1 Tf
(\207\004\207)Tj
ET
1 1 1  scn
/GS0 gs
261.09 178.564 72 90 re
f
q
261.09 178.564 72 90 re
W n
q
72.9600067 0 0 92.1600037 261.0900269 177.6042633 cm
/Im7 Do
Q
Q
261.09 178.564 72 90 re
S
BT
0 0 0  scn
/GS1 gs
/T1_0 1 Tf
7.5 0 0 7.5 261.09 167.257 Tm
(\243\021\022\002\017\026\224\017\006\017\t\016\026)Tj
/T1_1 1 Tf
(\207\004\207)Tj
ET
1 1 1  scn
/GS0 gs
171.81 178.564 72 90 re
f
q
171.81 178.564 72 90 re
W n
q
72.9600067 0 0 90.9599915 171.8099976 177.604248 cm
/Im8 Do
Q
Q
171.81 178.564 72 90 re
S
BT
0 0 0  scn
/GS1 gs
/T1_0 1 Tf
7.5 0 0 7.5 171.81 167.257 Tm
(\250\017\205\017\t\022\017\004\026\246\002\n\202\026)Tj
/T1_1 1 Tf
(\207\004\004)Tj
ET
1 1 1  scn
/GS0 gs
82.53 178.564 72 90 re
f
q
82.53 178.564 72 90 re
W n
q
72.9600067 0 0 90.9599915 82.5300293 177.604248 cm
/Im9 Do
Q
Q
82.53 178.564 72 90 re
S
BT
0 0 0  scn
/GS1 gs
/T1_0 1 Tf
7.5 0 0 7.5 82.53 167.257 Tm
(\243\021\022\002\017\026)Tj
/Span<</ActualText<FEFF0041>>> BDC 
(\035)Tj
EMC 
(\n\240\t\017\223\016\200\243\013\020\r\023\006\026)Tj
/T1_1 1 Tf
T*
(\207\004\003)Tj
ET
1 1 1  scn
/GS0 gs
82.53 298.79 72 90 re
f
q
82.53 298.79 72 90 re
W n
q
72.9600067 0 0 90.9599915 82.5300293 297.8298645 cm
/Im10 Do
Q
Q
82.53 298.79 72 90 re
S
BT
0 0 0  scn
/GS1 gs
/T1_0 1 Tf
/Span<</ActualText<FEFF004D>>> BDC 
7.5 0 0 7.5 82.53 287.4825 Tm
(\027)Tj
EMC 
(\023\t\202\023\t\017\020\026)Tj
/Span<</ActualText<FEFF004D>>> BDC 
(\027)Tj
EMC 
(\023\007\224\013\n\023\022\240\026)Tj
/T1_1 1 Tf
T*
(\207\002\211)Tj
ET
1 1 1  scn
/GS0 gs
171.81 298.79 72 90 re
f
q
171.81 298.79 72 90 re
W n
q
72.9600067 0 0 90.9599915 171.8099976 297.8298645 cm
/Im11 Do
Q
Q
171.81 298.79 72 90 re
S
BT
0 0 0  scn
/GS1 gs
/T1_0 1 Tf
/Span<</ActualText<FEFF004D>>> BDC 
7.5 0 0 7.5 171.81 287.4825 Tm
(\027)Tj
EMC 
[(\002\007\r\017\022\022\017\026\003)100(\013\013\006\005\016\026)]TJ
/T1_1 1 Tf
(\207\002\211)Tj
ET
1 1 1  scn
/GS0 gs
261.09 298.79 72 90 re
f
q
261.09 298.79 72 90 re
W n
q
72.9600067 0 0 90.9599915 261.0900269 297.8298645 cm
/Im12 Do
Q
Q
261.09 298.79 72 90 re
S
BT
0 0 0  scn
/GS1 gs
/T1_0 1 Tf
7.5 0 0 7.5 261.09 287.4825 Tm
(\003\002\255\255\023\n\004\026\235\023\r\006\023\n\026)Tj
/T1_1 1 Tf
(\207\002\212)Tj
ET
1 1 1  scn
/GS0 gs
350.37 298.79 72 90 re
f
q
350.37 298.79 72 90 re
W n
q
72.9600067 0 0 90.9599915 350.3699951 297.8298645 cm
/Im13 Do
Q
Q
350.37 298.79 72 90 re
S
BT
0 0 0  scn
/GS1 gs
/T1_0 1 Tf
7.5 0 0 7.5 350.37 287.4825 Tm
[(\246\023\020\r\004\026)1(\216\017\002\240\200\221\023\002\006\023\n\026)]TJ
/T1_1 1 Tf
8.26 0 Td
(\207\002\213)Tj
ET
1 1 1  scn
/GS0 gs
439.65 298.79 72 90 re
f
q
439.65 298.79 72 90 re
W n
q
72.9600067 0 0 90.9599915 439.6500244 297.8298645 cm
/Im14 Do
Q
Q
439.65 298.79 72 90 re
S
BT
0 0 0  scn
/GS1 gs
/T1_0 1 Tf
/Span<</ActualText<FEFF0043>>> BDC 
7.5 0 0 7.5 439.65 287.4825 Tm
(\034)Tj
EMC 
0.565 0 Td
(\t\023\002\202\026\224\023\205\002\240\016\013\n\026)Tj
/T1_1 1 Tf
(\207\004\003)Tj
/T1_0 1 Tf
-0.565 16.03 Td
(\221\002\007\026\216\021\017\016\020\201\026)Tj
/T1_1 1 Tf
(\207\002\210)Tj
ET
1 1 1  scn
/GS0 gs
439.65 419.015 72 90 re
f
q
439.65 419.016 72 90 re
W n
q
72.9600067 0 0 91.9199982 439.6500244 418.2554474 cm
/Im15 Do
Q
Q
439.65 419.015 72 90 re
S
BT
0 0 0  scn
/GS1 gs
/T1_0 1 Tf
7.5 0 0 7.5 350.37 407.7081 Tm
(\001\002\023\007\t\017\026)Tj
/Span<</ActualText<FEFF004F>>> BDC 
(\031)Tj
EMC 
(\244\224\021\002\n\n\026)Tj
/T1_1 1 Tf
(\207\002\207)Tj
ET
1 1 1  scn
/GS0 gs
350.37 419.015 72 90 re
f
q
350.37 419.016 72 90 re
W n
q
72.9600067 0 0 91.9199982 350.3699951 418.2154388 cm
/Im16 Do
Q
Q
350.37 419.015 72 90 re
S
BT
0 0 0  scn
/GS1 gs
/T1_0 1 Tf
/Span<</ActualText<FEFF0053>>> BDC 
7.5 0 0 7.5 261.09 407.7081 Tm
(\032)Tj
EMC 
(\020\017\205\017\026)Tj
/Span<</ActualText<FEFF004C>>> BDC 
(\030)Tj
EMC 
(\023\n\202\022\013\002\016\026)Tj
/T1_1 1 Tf
(\207\002\004)Tj
ET
1 1 1  scn
/GS0 gs
261.09 419.015 72 90 re
f
q
261.09 419.016 72 90 re
W n
q
72.9600067 0 0 90.9599915 261.0900269 418.0554504 cm
/Im17 Do
Q
Q
261.09 419.015 72 90 re
S
BT
0 0 0  scn
/GS1 gs
/T1_0 1 Tf
/Span<</ActualText<FEFF0053>>> BDC 
7.5 0 0 7.5 171.81 407.7081 Tm
(\032)Tj
EMC 
(\023\005\t\002\n\023\026)Tj
/Span<</ActualText<FEFF0053>>> BDC 
(\032)Tj
EMC 
(\023\021\n\240\017\t\016\026)Tj
/T1_1 1 Tf
(\207\002\002)Tj
ET
1 1 1  scn
/GS0 gs
171.81 419.015 72 90 re
f
q
171.81 419.016 72 90 re
W n
q
72.9600067 0 0 90.9599915 171.8099976 418.0554504 cm
/Im18 Do
Q
Q
171.81 419.015 72 90 re
S
BT
0 0 0  scn
/GS1 gs
/T1_0 1 Tf
7.5 0 0 7.5 82.53 407.7081 Tm
(\216\002\020\023\026\210\002\n\017\201\026)Tj
/T1_1 1 Tf
(\207\002\003)Tj
ET
1 1 1  scn
/GS0 gs
82.53 419.015 72 90 re
f
q
82.53 419.016 72 90 re
W n
q
74.1600037 0 0 91.9199982 81.3600464 418.1284027 cm
/Im19 Do
Q
Q
82.53 419.015 72 90 re
S
BT
0 0 0  scn
/GS1 gs
/T1_0 1 Tf
/Span<</ActualText<FEFF004C>>> BDC 
7.5 0 0 7.5 82.53 527.9338 Tm
(\030)Tj
EMC 
(\013\021\002\016\026)Tj
/Span<</ActualText<FEFF0043>>> BDC 
(\034)Tj
EMC 
(\r\013\254\021\017\020\020\017\026)Tj
/T1_1 1 Tf
(\207\003\001)Tj
/T1_0 1 Tf
/Span<</ActualText<FEFF0043>>> BDC 
11.904 0 Td
(\034)Tj
EMC 
[(\r\t\002\016\020\013\f\r\017\t\026\210)70(\023\n\240\017\t\t\021\004\016\026)]TJ
/T1_1 1 Tf
T*
(\207\003\210)Tj
/T1_0 1 Tf
/Span<</ActualText<FEFF004D>>> BDC 
11.904 1.2 Td
(\027)Tj
EMC 
(\002\007\r\023\017\022\026)Tj
/Span<</ActualText<FEFF004D>>> BDC 
(\027)Tj
EMC 
(\007)Tj
/Span<</ActualText<FEFF0041>>> BDC 
(\035)Tj
EMC 
(\t\020\r\021\t\026)Tj
/T1_1 1 Tf
(\207\003\213)Tj
/T1_0 1 Tf
11.904 0 Td
(\235\023\020\020\004\026\001\002\n\026)Tj
/T1_1 1 Tf
(\207\003\213)Tj
/T1_0 1 Tf
/Span<</ActualText<FEFF0053>>> BDC 
11.904 0 Td
(\032)Tj
EMC 
(\013\f\r\002\017\026\216\017\202\023\022\023\240\013\026)Tj
/T1_1 1 Tf
(\207\003\213)Tj
ET
1 1 1  scn
/GS0 gs
439.65 539.241 72 90 re
f
q
439.65 539.241 72 90 re
W n
q
72.9600067 0 0 90.9599915 439.6500244 538.2810364 cm
/Im20 Do
Q
Q
439.65 539.241 72 90 re
S
350.37 539.241 72 90 re
f
q
350.37 539.241 72 90 re
W n
q
72.9600067 0 0 90.9599915 350.3699951 538.2810364 cm
/Im21 Do
Q
Q
350.37 539.241 72 90 re
S
261.09 539.241 72 90 re
f
q
261.09 539.241 72 90 re
W n
q
72.9600067 0 0 90.9599915 261.0900269 538.2810364 cm
/Im22 Do
Q
Q
261.09 539.241 72 90 re
S
171.81 539.241 72 90 re
f
q
171.81 539.241 72 90 re
W n
q
72.9600067 0 0 90.9599915 171.8099976 538.2810364 cm
/Im23 Do
Q
Q
171.81 539.241 72 90 re
S
82.53 539.241 72 90 re
f
q
82.53 539.241 72 90 re
W n
q
72.9600067 0 0 90.9599915 82.5300293 538.2810364 cm
/Im24 Do
Q
Q
82.53 539.241 72 90 re
S
